MODEL: APNEIA
TYPE: 1
N_ATTRIBUTES: 41
N_EXAMPLES: 291
N_CLASSES: 4
DATASET:

-0.65	0.70	-1.13	0.11	-0.85	0.77	-0.87	-0.36	1.11	-0.31	-1.05	-0.49	0.66	0.41	0.12	-0.29	-0.23	-0.13	-0.55	0.55	-0.29	0.14	-0.14	0.04	-0.61	0.63	0.48	2.19	-0.15	0.76	-0.39	0.83	-0.14	-0.08	-1.40	-0.84	-0.65	-0.34	0.91	-0.62	0.84
-0.65	1.08	-0.10	-0.59	0.41	-0.66	-1.01	0.20	1.40	-1.42	-0.49	0.20	0.82	-0.49	-0.62	-0.41	-0.49	-0.37	0.10	-0.10	-0.16	-1.06	-0.83	-0.66	0.01	0.08	-0.03	1.32	-0.59	-0.01	0.46	1.00	0.65	-0.63	-0.39	-0.52	-0.53	0.55	0.02	-0.55	0.84
-0.65	1.08	-1.67	1.51	0.08	-0.23	-0.69	2.16	-0.30	-0.32	-0.22	1.28	-1.18	-0.72	-0.93	0.12	1.98	-0.21	1.73	-1.73	1.09	0.22	1.04	0.15	0.90	-1.06	-1.05	0.97	-0.17	-0.67	0.93	0.60	-0.35	0.48	0.82	1.81	2.80	0.83	-0.98	0.22	-1.19
-0.60	-2.77	0.65	-0.59	0.62	-0.78	0.56	0.02	-1.11	1.46	-0.06	-0.29	-0.31	-0.32	0.93	0.05	0.76	0.32	0.19	-0.19	0.02	0.49	1.41	0.98	0.05	0.28	0.23	2.36	1.34	0.30	-0.91	0.08	-0.51	0.42	-0.07	-0.16	-0.24	-1.04	-0.21	1.22	0.84
-0.64	0.77	-1.74	-0.00	-1.28	1.72	-1.10	-0.99	1.64	-0.30	-1.51	-1.91	0.64	3.01	0.95	-0.15	0.51	2.05	-1.76	1.76	-0.45	1.38	1.24	2.04	-2.09	0.46	1.47	2.96	-0.48	1.34	-1.45	-0.63	-2.57	3.06	1.66	1.56	1.53	-0.87	2.13	-1.37	0.84
-0.64	-0.89	-1.26	1.01	-0.31	0.11	-0.50	-0.65	1.07	-0.74	-0.39	-1.62	1.55	1.73	0.61	-0.46	-0.60	-0.22	-2.24	2.24	-0.48	-0.62	-0.91	-0.22	-2.68	0.49	1.21	1.36	-0.26	1.22	-0.44	-2.01	0.45	-0.15	2.35	1.35	0.89	-0.30	0.38	-0.11	0.84
-0.61	0.40	0.24	-0.29	-0.49	0.16	0.38	-0.59	-0.14	0.19	0.25	-0.09	0.83	-0.17	-0.32	-0.44	-0.54	-0.41	-0.05	0.05	-0.11	-0.51	-1.05	-0.77	-0.11	0.69	0.19	-1.02	0.31	0.04	0.19	0.50	0.86	-0.82	-0.46	-0.50	-0.31	0.11	0.19	-0.31	0.84
-0.64	0.47	-0.99	-1.50	-2.26	6.73	-1.22	-0.94	1.83	-0.58	-1.49	-2.05	-1.63	4.97	1.57	-0.23	0.28	5.35	-2.30	2.30	-0.49	0.25	2.10	3.62	-2.99	-0.38	1.15	1.29	-1.25	0.52	-1.75	-1.61	-4.26	5.88	3.11	3.05	2.43	-0.58	1.95	-1.46	0.84
-0.44	-1.94	-0.58	2.42	0.77	-0.64	-0.51	-0.35	0.82	-0.45	-0.49	-0.57	1.31	-0.13	0.15	-0.44	-0.55	-0.37	-0.52	0.52	-0.28	-0.21	-0.90	-0.57	-0.55	0.83	0.60	1.24	0.31	0.62	-0.22	0.56	0.72	-0.70	-0.78	-0.50	-0.46	-0.29	0.37	-0.11	-1.19
-0.64	0.77	-1.81	-0.80	-0.36	-0.05	-0.40	-1.06	0.64	0.65	-1.13	-2.11	-0.46	3.44	1.80	-0.39	-0.37	1.07	-1.70	1.70	-0.43	-0.73	0.16	1.39	-2.78	0.45	1.93	0.28	-0.34	1.23	-1.58	-0.82	-1.74	1.65	-0.27	-0.44	-0.44	-0.99	1.47	-0.58	0.84
-0.64	0.77	-0.58	-0.00	-1.05	1.14	0.08	-0.89	-0.21	1.46	-0.91	-1.34	0.12	1.59	1.24	-0.28	0.12	0.08	-0.48	0.48	-0.25	0.64	-0.00	0.44	-0.65	1.18	1.36	-0.01	0.60	1.32	-1.43	0.40	-0.66	0.33	-1.57	-1.28	-1.12	-1.36	1.61	-0.37	0.84
2.60	0.10	1.60	-1.10	-0.27	-0.18	0.26	-0.79	-0.35	1.27	-0.55	-0.42	1.09	-0.52	0.29	-0.10	-0.05	-0.07	-0.42	0.42	-0.27	-0.33	0.15	0.23	-0.00	0.21	0.49	0.34	0.81	0.55	-0.90	0.39	-0.08	-0.02	-0.80	-0.37	-0.36	-1.08	0.92	0.08	0.84
-0.64	0.77	-1.20	1.01	-0.40	0.22	0.22	-0.71	0.24	-0.23	0.25	-0.85	1.15	0.57	0.29	-0.42	-0.48	-0.37	-0.43	0.43	-0.19	0.16	-0.86	-0.55	-0.47	1.14	0.71	-1.02	0.17	0.72	-0.60	0.47	0.55	-0.64	-1.46	-1.59	-1.55	-0.19	0.38	-0.21	-1.19
-0.65	0.93	0.24	0.21	-0.57	0.34	-0.09	-0.43	0.10	0.47	-0.47	-0.23	0.46	-0.11	0.14	-0.08	0.15	-0.12	0.27	-0.27	-0.01	0.73	0.28	0.16	0.46	0.03	0.25	0.19	0.66	0.35	-0.24	0.41	-0.22	0.16	-0.14	-0.00	-0.05	-0.54	0.49	0.01	0.84
-0.60	0.70	0.44	-0.59	-0.50	0.13	-0.37	-1.11	0.64	0.61	-1.07	-1.63	0.64	2.12	1.04	-0.40	-0.41	-0.12	-1.12	1.12	-0.39	-0.24	-0.57	-0.00	-1.25	0.78	1.73	-0.57	0.30	1.55	-1.42	0.86	-0.21	0.04	-0.97	-1.03	-1.01	-1.11	1.99	-1.00	0.84
-0.64	0.77	0.72	-0.29	-0.64	0.36	0.74	-0.70	-1.02	1.72	-0.15	-0.88	-0.47	0.54	1.52	-0.02	0.56	0.57	-0.57	0.57	-0.32	2.18	1.05	1.41	-0.72	1.47	1.61	0.61	1.46	1.65	-1.08	0.13	-0.81	0.81	0.32	0.57	0.67	-1.39	0.28	1.04	0.84
-0.47	0.40	-1.47	0.11	0.56	-0.69	-0.83	-0.57	1.29	-0.57	-0.91	-0.09	0.58	0.40	-0.52	-0.39	-0.43	-0.29	-0.77	0.77	-0.31	-1.20	-0.59	-0.45	-0.73	0.82	0.36	-0.60	-0.83	0.38	-0.58	0.73	0.30	-0.13	0.61	0.36	0.17	0.10	1.27	-1.41	0.84
-0.65	0.85	-0.92	0.01	-1.78	3.68	-1.19	-0.38	1.62	-0.84	-1.17	-0.91	0.19	1.88	0.25	-0.20	1.06	2.69	-0.86	0.86	-0.39	0.06	1.29	1.93	-1.14	0.40	1.30	0.83	-0.62	0.95	-0.34	1.01	-3.05	2.52	-0.46	-0.31	-0.27	-0.13	1.33	-1.25	0.84
-0.65	1.00	-2.29	-2.00	-1.35	1.45	0.90	-1.07	-0.46	0.38	0.73	-0.27	0.01	-0.10	0.52	-0.44	-0.61	-0.36	-0.99	0.99	-0.39	-0.91	-0.89	-0.55	-0.94	1.04	0.33	-1.18	0.80	0.26	-0.36	-0.19	0.86	-0.65	1.66	1.59	1.22	-0.74	0.10	0.60	0.84
-0.65	0.93	-1.88	-0.70	-1.35	1.77	-0.20	-0.28	0.51	-0.47	-0.07	0.78	-0.45	-0.52	-0.71	-0.28	-0.37	-0.26	0.40	-0.40	-0.17	-0.78	-0.18	-0.38	0.44	-0.22	-0.56	-0.22	-0.10	-0.47	0.44	0.42	0.22	-0.23	0.19	0.07	-0.08	0.25	0.16	-0.41	0.84
-0.65	1.08	-1.88	1.11	-0.52	0.39	0.57	-1.01	-1.05	2.56	-0.89	-1.76	0.45	1.13	2.03	-0.18	0.00	0.94	-1.49	1.49	-0.45	1.52	0.71	1.63	-1.05	1.34	1.83	0.48	1.26	1.91	-1.80	0.02	-1.39	1.09	-0.67	-0.32	-0.26	-1.83	1.36	0.34	-1.19
-0.65	1.15	-1.47	0.21	-0.83	0.75	-1.12	-0.17	1.46	-0.85	-1.04	-1.14	1.07	1.88	0.02	-0.26	0.46	0.11	-0.05	0.05	-0.25	0.32	0.05	0.37	-0.96	0.33	1.14	0.06	-0.83	1.09	-0.16	0.57	-0.83	0.99	1.11	1.35	1.44	0.13	1.02	-1.18	-1.19
-0.65	1.00	-1.47	-0.00	0.00	-0.31	0.31	-0.54	-0.33	0.80	-0.17	-0.31	0.99	-0.36	0.07	-0.38	-0.41	-0.32	0.10	-0.10	-0.19	0.29	-0.59	-0.39	0.12	0.65	0.48	-0.63	0.35	0.53	-0.43	0.11	0.48	-0.47	-0.16	-0.37	-0.44	-0.49	0.47	-0.01	0.84
-0.65	0.93	-0.65	-0.90	-1.14	1.17	-0.42	-0.18	0.68	-0.50	-0.32	0.63	0.31	-0.73	-0.85	-0.33	-0.41	-0.36	0.72	-0.72	-0.15	-0.55	-0.36	-0.56	0.69	0.54	-0.48	-0.47	-0.61	-0.43	0.20	0.80	0.38	-0.49	-1.48	-1.27	-1.12	0.50	0.23	-0.72	0.84
-0.64	0.85	-0.31	1.31	-0.40	0.25	-0.49	-0.57	0.97	-0.58	-0.46	-0.81	0.41	1.18	0.36	-0.32	-0.13	-0.12	-0.09	0.09	-0.25	1.36	0.00	0.09	-0.69	0.94	1.05	-0.12	0.12	1.06	0.05	0.84	-0.32	0.19	-0.67	-0.93	-1.05	-0.05	0.44	-0.41	-1.19
2.57	-0.21	0.10	-0.90	0.46	-0.71	-0.96	-0.77	1.36	-0.22	-1.31	-1.08	1.14	1.30	0.25	-0.09	-0.03	0.31	-1.10	1.10	-0.38	1.05	0.38	0.57	-0.90	0.31	0.79	0.67	-1.08	0.67	-1.18	0.53	-1.30	0.61	-2.27	-2.14	-2.04	-0.33	1.38	-1.11	0.84
-0.65	1.00	-2.01	1.01	-0.79	0.80	-0.51	-0.21	0.49	0.23	-0.84	-0.59	1.43	0.08	-0.04	-0.07	0.05	0.41	-0.81	0.81	-0.38	-0.11	0.54	0.63	-0.42	0.24	0.66	0.32	-0.17	0.52	-0.04	0.66	-0.99	0.63	-1.19	-1.10	-1.03	-0.18	0.68	-0.54	-1.19
-0.65	0.85	-0.72	-0.80	-0.57	0.20	1.49	0.40	-1.36	-0.56	2.34	2.67	-3.58	-1.32	-1.25	-0.36	-0.61	-0.45	2.05	-2.05	1.10	-1.72	-0.89	-1.02	1.97	-2.22	-2.34	-1.44	1.02	-2.67	2.21	-4.75	1.19	-1.08	-0.06	-0.09	-0.29	1.52	-2.30	0.93	0.84
-0.49	-0.21	-0.24	-3.31	-1.66	2.10	0.19	-1.18	0.25	0.39	-0.24	-0.20	0.74	0.24	-0.33	-0.47	-0.63	-0.42	-0.90	0.90	-0.36	-2.06	-1.18	-0.84	-1.41	0.73	0.36	-1.53	-0.14	0.04	-0.74	-0.01	0.91	-0.82	0.12	0.08	-0.07	-0.29	1.45	-1.22	0.84
-0.63	0.62	0.85	-0.80	-1.18	1.29	0.78	-1.14	-0.50	0.85	0.29	0.13	0.03	-0.54	0.10	-0.45	-0.59	-0.40	-0.61	0.61	-0.32	1.15	-0.76	-0.69	-0.24	0.07	-0.22	-0.99	0.80	-0.29	-0.82	-0.22	0.83	-0.79	-0.42	-0.36	-0.53	-0.84	0.89	-0.12	0.84
-0.65	1.30	-1.95	-0.90	-1.40	1.86	-0.65	-0.98	1.10	-0.04	-1.05	-1.18	0.46	1.60	0.71	-0.33	-0.06	0.88	-1.38	1.38	-0.43	-0.28	0.41	1.26	-1.77	0.90	1.62	0.40	-0.23	1.38	-1.21	0.85	-1.90	1.25	-1.58	-1.10	-0.93	-0.72	1.59	-0.96	0.84
-0.65	0.93	-1.47	0.01	-1.05	1.15	-0.55	-0.63	0.91	-0.23	-0.73	-0.38	0.94	0.18	-0.11	-0.31	-0.14	-0.11	0.03	-0.03	-0.29	-0.91	-0.21	0.02	-0.25	0.26	0.79	0.05	0.05	0.98	-0.36	0.64	-0.19	0.11	-0.40	0.07	0.14	-0.33	1.04	-0.76	0.84
-0.65	1.08	-1.88	-0.90	-2.00	4.74	-0.79	-0.62	1.31	-0.68	-0.80	-0.73	1.27	0.79	-0.14	-0.35	-0.52	-0.25	-1.36	1.36	-0.43	-1.26	-0.46	-0.37	-1.23	-0.07	0.24	-0.50	-0.96	0.21	-0.50	0.53	0.19	-0.27	-1.09	-1.11	-1.00	0.16	0.99	-1.18	0.84
-0.56	0.62	-0.65	1.01	-0.79	0.80	-0.15	-0.97	0.08	1.35	-1.17	-1.69	0.63	1.82	1.33	-0.38	-0.40	0.11	-1.60	1.60	-0.45	0.78	-0.12	0.46	-1.18	0.37	1.41	-0.02	0.20	1.25	-1.68	0.24	-0.81	0.29	-2.32	-1.91	-1.67	-1.35	1.77	-0.55	-1.19
1.41	0.40	1.06	-0.90	-1.05	0.98	1.82	-0.94	-2.23	2.56	0.74	-0.36	-1.78	-0.02	1.91	-0.39	-0.58	-0.31	-1.20	1.20	-0.41	1.60	-0.37	-0.18	-0.11	0.96	0.25	-0.28	1.47	0.28	-2.01	-1.00	0.75	-0.71	-0.22	-0.38	-0.48	-1.88	-0.26	2.07	-1.19
-0.65	1.00	-0.72	-0.80	-1.44	2.02	-0.51	1.34	0.12	-0.78	0.07	1.97	-2.02	-1.04	-1.33	-0.36	-0.18	-0.39	1.44	-1.44	0.64	-1.56	-0.55	-0.72	1.18	-1.66	-1.48	-0.47	-1.21	-1.35	1.91	-0.34	0.66	-0.54	0.71	1.39	1.91	1.59	-1.02	-0.47	0.84
-0.65	0.77	0.10	1.01	-0.31	0.11	-0.12	-0.44	0.21	0.29	-0.41	-0.69	1.17	0.37	0.13	-0.23	-0.21	-0.17	-0.07	0.07	-0.29	0.95	-0.24	-0.04	-0.23	1.73	0.94	-0.28	0.32	0.99	-0.25	0.72	-0.14	-0.04	-1.17	-1.05	-1.08	-0.42	0.63	-0.25	-1.19
-0.65	0.85	0.99	-0.49	-1.31	1.69	1.32	-0.84	-1.47	1.66	0.62	-0.74	0.68	-0.17	0.91	-0.43	-0.57	-0.38	-0.37	0.37	-0.32	2.24	-0.94	-0.49	-0.17	2.38	1.02	-0.96	1.23	1.04	-0.91	-0.04	0.80	-0.69	0.63	0.17	-0.21	-1.14	0.28	0.80	0.84
-0.65	1.00	-1.95	-0.29	-0.75	0.53	0.35	-1.00	-0.14	0.79	-0.22	0.13	0.07	-0.40	-0.03	-0.47	-0.63	-0.39	-1.78	1.78	-0.46	-0.07	-0.66	-0.66	-0.57	-0.58	-0.54	-0.93	0.27	-0.57	-1.11	-0.82	0.75	-0.73	-0.80	-0.64	-0.89	-0.73	1.36	-0.71	0.84
-0.64	0.77	-1.40	1.31	0.38	-0.48	-0.98	0.37	1.11	-0.96	-0.67	0.11	0.64	-0.13	-0.56	-0.28	-0.10	-0.28	0.62	-0.62	-0.05	-0.87	-0.27	-0.33	0.27	0.26	0.02	0.02	-0.84	0.17	0.52	0.68	0.13	-0.05	0.51	0.65	0.60	0.59	0.29	-0.87	-1.19
-0.57	0.17	-2.08	-0.19	-0.27	-0.07	-0.25	-0.87	0.57	0.22	-0.65	-0.57	1.38	0.17	-0.10	-0.43	-0.53	-0.30	-0.85	0.85	-0.37	-0.96	-0.76	-0.37	-0.91	0.45	1.00	-0.60	-0.03	0.96	-0.78	0.78	0.34	-0.37	-0.56	-0.75	-0.81	-0.54	1.21	-0.74	0.84
-0.65	1.08	1.26	-0.59	-1.27	1.55	-0.62	0.29	0.78	-0.88	-0.26	0.38	0.10	-0.23	-0.58	-0.23	-0.28	-0.25	0.28	-0.28	-0.21	0.83	0.17	-0.19	0.07	-0.08	-0.09	0.32	-0.15	-0.00	0.70	0.76	0.02	0.02	0.29	0.35	0.32	0.46	-0.14	-0.30	0.84
-0.54	0.70	2.15	-1.50	-1.27	1.35	2.43	-1.09	-1.75	0.05	2.90	-0.72	-1.19	-0.48	2.40	-0.47	-0.58	-0.26	-1.30	1.30	-0.41	-1.26	-0.69	-0.02	-1.97	-0.65	0.38	-0.59	1.59	0.16	-0.93	-1.52	0.91	-0.82	-0.03	-0.26	-0.34	-1.30	-1.66	2.97	0.84
-0.65	1.15	0.72	-0.39	-0.42	0.07	-1.22	0.14	1.27	-0.52	-1.28	-0.59	0.66	0.83	0.02	0.10	2.15	0.95	0.02	-0.02	-0.19	1.05	1.80	1.44	-0.45	0.34	0.63	3.01	-0.43	0.64	-0.31	0.83	-2.21	1.74	-0.92	-0.56	-0.33	-0.11	0.97	-0.90	-1.19
-0.65	0.93	-1.40	0.31	-0.83	0.77	-0.15	0.23	0.18	-0.39	0.07	0.53	0.34	-0.69	-0.72	-0.37	-0.33	-0.37	1.00	-1.00	-0.05	-0.88	-0.68	-0.56	0.55	0.81	-0.09	-0.58	-0.13	0.07	0.83	0.54	0.57	-0.50	0.32	0.39	0.41	0.51	-0.24	-0.24	0.84
-0.58	0.32	0.10	-0.09	-1.05	1.13	0.24	-0.03	-0.40	0.48	0.04	0.48	-0.13	-0.64	-0.34	-0.24	-0.38	-0.35	0.50	-0.50	-0.15	0.55	-0.11	-0.39	0.67	0.03	-0.18	-0.11	0.69	-0.16	-0.03	0.49	0.48	-0.40	0.48	0.24	0.18	-0.30	-0.04	0.33	0.84
-0.62	-0.96	-0.85	-0.90	-0.14	-0.28	0.35	0.22	-0.91	1.23	-0.18	-0.36	-0.35	-0.14	0.96	0.01	0.38	0.55	0.45	-0.45	0.29	-0.06	0.72	1.13	0.25	-0.22	-0.14	2.66	0.46	-0.31	-0.82	-0.43	-0.17	0.30	0.03	0.06	-0.05	-0.79	-0.33	1.10	0.84
1.18	-0.74	1.06	-1.00	-0.04	-0.38	0.95	-0.36	-0.64	-0.18	1.27	0.80	-0.73	-0.87	-0.32	-0.41	-0.57	-0.43	0.42	-0.42	0.01	-0.58	-0.93	-0.82	0.42	0.81	-0.50	-1.07	0.80	-0.44	0.60	0.06	1.01	-0.94	-0.32	-0.18	-0.17	0.21	-0.80	0.62	0.84
-0.60	0.25	-1.13	0.21	0.03	-0.32	-0.99	-0.87	1.57	-0.55	-1.20	-1.25	1.45	1.15	0.41	-0.15	-0.35	0.03	-1.21	1.21	-0.41	0.24	-0.13	0.21	-0.88	0.94	0.94	2.22	-0.57	1.09	-0.79	0.69	-0.65	0.14	-2.30	-1.94	-1.72	-0.38	1.15	-0.83	0.84
1.82	-2.55	1.47	-0.00	-0.70	0.50	0.64	-1.08	-0.83	1.96	-0.49	-1.50	0.25	0.61	2.04	-0.43	-0.56	-0.26	-1.49	1.49	-0.42	2.17	-0.64	-0.10	-1.13	0.62	0.84	1.68	-0.25	1.11	-1.47	-1.94	0.56	-0.47	0.72	0.42	0.28	-1.47	0.38	1.02	-1.19
-0.62	-2.17	0.03	-0.70	0.44	-0.68	-0.43	-0.88	0.53	0.77	-1.19	-1.21	1.33	0.76	0.68	-0.35	-0.27	-0.14	-0.66	0.66	-0.32	-0.60	-0.41	0.02	-0.57	0.85	1.21	1.97	0.39	1.30	-1.12	0.74	-0.06	-0.13	-1.22	-1.12	-1.07	-1.06	1.51	-0.54	0.84
-0.62	0.62	-0.79	1.82	0.61	-0.59	2.48	-1.08	-1.65	-0.32	3.17	1.74	-2.63	-1.31	-0.32	-0.49	-0.65	-0.45	-0.94	0.94	-0.33	-1.46	-1.56	-1.13	-0.38	-1.42	-1.90	-0.41	1.47	-2.03	0.00	-2.09	1.45	-1.33	0.37	0.12	0.08	-0.56	-1.51	2.10	-1.19
-0.46	-1.87	-0.58	0.51	1.96	-1.20	-1.60	-0.73	2.49	-1.62	-1.37	-1.34	0.44	2.91	0.16	-0.42	-0.51	-0.12	-1.59	1.59	-0.43	-0.83	-0.65	-0.16	-1.93	0.30	1.25	1.66	-1.13	0.88	-0.90	1.13	-0.28	0.01	-1.45	-1.83	-1.68	0.08	1.46	-1.59	0.84
-0.38	0.32	-0.65	1.31	-0.31	0.15	0.30	-0.01	-0.55	0.70	0.01	0.27	0.28	-0.52	-0.34	-0.41	-0.40	-0.40	1.10	-1.10	0.34	-0.23	-0.69	-0.66	0.68	-0.43	-0.27	-0.50	0.47	-0.20	0.17	0.44	0.75	-0.71	-0.28	-0.37	-0.44	-0.15	0.13	0.01	0.84
-0.63	0.62	-1.20	3.02	1.21	-0.82	0.93	-0.42	-1.62	2.46	-0.24	-0.59	-0.25	-0.20	1.33	-0.01	0.09	-0.02	-0.14	0.14	-0.24	1.22	0.40	0.47	0.20	0.52	0.44	2.56	0.18	0.61	-1.80	-1.22	-0.09	-0.26	-2.14	-2.12	-1.96	-1.47	-0.18	1.59	-1.19
1.33	0.17	1.53	-1.00	-0.57	0.18	1.02	0.14	-1.07	0.12	1.30	1.11	-0.77	-1.00	-0.74	-0.40	-0.48	-0.43	1.60	-1.60	1.23	-1.17	-0.96	-0.85	1.41	-0.29	-0.93	-1.19	0.67	-1.00	1.06	-0.68	0.99	-0.92	-0.11	-0.37	-0.48	0.62	-1.15	0.59	0.84
-0.63	0.32	1.06	1.92	0.81	-0.70	-0.20	-0.57	0.39	0.18	-0.49	-0.16	0.86	-0.26	-0.17	-0.04	-0.14	-0.24	-0.25	0.25	-0.22	0.39	-0.07	-0.20	0.04	0.21	0.34	-0.20	0.20	0.30	-0.37	0.73	0.06	-0.10	-0.41	-0.30	-0.38	-0.44	0.97	-0.58	-1.19
-0.65	1.00	0.99	-1.50	-1.48	1.98	-1.39	0.32	1.77	-1.61	-0.86	-0.59	1.22	1.23	-0.62	-0.40	-0.43	-0.25	-0.50	0.50	-0.28	0.49	-0.72	-0.48	-0.54	0.15	0.21	-0.69	-1.98	0.25	0.33	0.13	0.08	-0.18	-0.43	-0.35	-0.31	1.26	0.15	-1.36	0.84
-0.26	0.40	0.78	-0.80	-0.44	0.04	2.64	-0.88	-2.19	0.40	3.04	-0.92	-1.66	-0.54	3.13	-0.37	-0.53	-0.32	-1.11	1.11	-0.32	2.12	-0.45	-0.13	-0.62	0.47	0.19	-0.61	1.18	0.47	-1.87	-2.05	0.97	-0.86	0.52	0.29	0.16	-1.69	-1.95	3.64	0.84
0.91	0.10	-0.10	0.41	2.20	-1.27	1.74	-1.10	-1.20	0.32	1.85	-1.31	0.21	0.49	1.82	-0.49	-0.65	-0.42	-2.18	2.18	-0.48	-1.39	-1.48	-0.77	-2.97	-0.07	1.43	-2.69	-0.26	0.92	-0.44	-1.72	1.22	-0.85	4.69	3.41	2.35	-1.08	-0.92	1.99	0.84
2.58	0.32	1.81	-1.30	-1.70	2.87	2.72	-1.02	-1.91	-0.33	3.52	0.03	-1.28	-0.43	1.13	-0.49	-0.65	-0.45	-1.35	1.35	-0.42	-0.13	-1.49	-1.01	-1.29	-0.84	-0.51	-2.31	1.64	-0.69	-0.22	-4.06	1.34	-1.22	0.07	-0.17	-0.35	-0.63	-1.04	1.69	0.84
-0.61	0.70	-0.17	1.01	0.29	-0.44	0.13	0.48	-0.46	0.26	0.14	0.25	0.22	-0.47	-0.29	-0.31	0.19	-0.31	1.12	-1.12	0.32	0.27	-0.25	-0.24	0.48	0.73	0.29	-0.33	0.57	0.47	0.53	0.58	0.28	-0.18	0.72	0.70	0.75	0.12	-0.54	0.44	-1.19
-0.63	0.47	0.65	-1.50	-0.66	0.22	-0.82	0.61	0.89	-1.08	-0.34	-0.08	0.63	0.17	-0.42	-0.13	0.08	-0.04	-0.17	0.17	-0.22	0.67	0.56	0.22	-0.86	-0.43	-0.05	0.49	-0.60	0.11	0.87	0.46	-0.46	0.39	0.14	0.28	0.54	0.66	-0.19	-0.43	0.84
1.66	0.40	1.33	-1.00	-0.75	0.42	0.52	-0.31	-0.37	0.11	0.55	-0.83	0.59	0.34	0.80	-0.22	0.08	-0.13	-0.01	0.01	-0.16	1.75	-0.04	0.26	-0.35	0.83	0.75	0.38	0.91	0.87	-0.45	-0.28	0.01	0.10	0.78	0.86	1.20	-0.68	-0.28	0.94	0.84
-0.01	0.10	1.94	0.31	-1.09	1.30	0.90	0.06	-0.82	-0.11	1.25	0.89	-1.16	-0.76	-0.24	-0.24	-0.29	-0.31	0.81	-0.81	0.06	-0.00	-0.24	-0.36	0.84	-0.62	-0.96	0.05	0.98	-0.70	0.50	0.23	0.67	-0.49	0.76	0.70	0.72	-0.02	-1.20	1.26	0.84
-0.65	0.93	-1.13	-1.50	-0.49	0.00	2.19	-1.01	-2.23	1.76	1.66	-1.77	-1.38	0.06	4.02	-0.25	0.20	0.72	-1.27	1.27	-0.38	1.71	0.67	1.91	-1.34	1.57	1.77	0.59	1.45	1.81	-2.18	-1.60	-0.08	0.12	0.36	0.14	0.00	-1.96	-1.21	3.13	0.84
-0.65	0.93	-2.22	0.51	-0.23	-0.04	-0.88	-0.76	1.23	-0.11	-1.26	-1.65	1.06	2.25	0.69	0.01	1.37	2.92	-1.45	1.45	-0.41	0.64	1.99	2.58	-1.68	0.37	1.49	1.21	-0.16	1.19	-1.02	0.09	-3.64	3.26	-0.19	0.22	0.35	-0.75	2.19	-1.13	-1.19
-0.64	0.85	0.24	0.01	-1.44	2.22	0.54	-0.24	-1.02	1.61	-0.24	-0.85	0.44	0.03	1.15	-0.06	1.57	0.62	0.06	-0.06	-0.13	2.13	1.23	1.52	-0.54	1.13	1.25	0.73	1.23	1.45	-0.85	-0.03	-1.10	1.08	0.34	0.75	0.97	-1.06	0.01	1.00	-1.19
-0.64	0.85	-1.40	-0.00	0.00	-0.31	0.23	-0.79	-0.30	1.19	-0.54	-0.81	0.62	0.56	0.61	-0.33	-0.33	-0.29	-0.24	0.24	-0.22	0.84	-0.58	-0.26	-0.13	0.77	0.96	-0.54	0.82	1.12	-1.08	0.37	0.29	-0.29	-0.27	-0.23	-0.26	-1.16	1.41	-0.36	-1.19
-0.55	-0.06	-0.85	0.21	0.21	-0.45	-1.37	1.49	1.12	-1.45	-0.65	0.71	0.05	-0.41	-1.00	-0.15	0.15	-0.27	0.76	-0.76	0.17	-0.84	0.00	-0.35	0.43	-0.66	-0.84	-0.08	-1.87	-0.63	1.40	0.45	0.05	-0.02	0.24	0.50	0.56	1.58	-0.45	-1.06	-1.19
-0.51	0.25	-0.92	-0.00	0.00	-0.31	0.14	0.73	-1.12	1.61	-0.54	0.24	-0.35	-0.38	0.07	1.24	0.61	-0.15	0.24	-0.24	0.32	1.28	1.44	0.29	0.92	-0.52	-0.44	0.72	0.89	-0.47	-0.70	0.30	-0.28	0.27	-0.10	-0.08	-0.22	-0.60	0.11	0.46	-1.19
-0.03	-0.36	0.31	-0.90	-0.18	-0.24	0.62	-0.61	-1.07	2.03	-0.46	-0.76	-0.10	0.47	1.09	-0.27	0.09	-0.08	-0.12	0.12	-0.06	0.83	0.12	0.25	-0.08	0.74	0.69	0.03	1.10	0.75	-1.15	0.23	-0.10	0.05	-0.16	0.11	0.21	-1.29	0.79	0.42	0.84
-0.65	1.08	0.44	0.21	0.12	-0.39	0.02	-0.17	-0.06	0.33	-0.20	0.22	0.61	-0.56	-0.46	-0.39	-0.43	-0.40	0.91	-0.91	0.21	-1.09	-0.86	-0.69	0.91	1.47	-0.06	-0.98	0.06	-0.01	0.37	0.45	0.71	-0.68	-0.23	-0.46	-0.52	0.16	0.29	-0.46	-1.19
-0.45	0.70	-0.65	-0.00	0.00	-0.31	0.37	-0.74	-0.56	1.47	-0.50	-0.88	1.00	0.07	0.78	-0.30	-0.13	-0.16	-0.16	0.16	-0.18	1.74	-0.24	0.13	-0.31	0.78	0.79	-0.15	0.63	1.13	-1.01	-0.53	-0.06	-0.10	-1.02	-0.63	-0.48	-1.07	0.83	0.16	-1.19
-0.62	0.40	-0.79	-0.00	0.00	-0.31	0.01	0.51	-0.12	-0.34	0.32	0.63	-0.09	-0.73	-0.56	-0.12	-0.10	-0.33	1.42	-1.42	0.20	-0.49	-0.21	-0.40	1.01	0.17	-0.42	-0.35	0.16	-0.18	0.86	0.40	0.40	-0.26	0.71	0.82	0.85	0.48	-0.63	0.20	-1.19
-0.65	0.85	-1.20	-0.80	-0.30	-0.12	-0.86	0.08	1.20	-1.12	-0.48	0.06	0.79	0.04	-0.69	-0.35	-0.47	-0.33	-0.52	0.52	-0.32	-0.44	-0.50	-0.52	-0.25	-0.05	-0.04	-0.57	-1.11	0.02	0.46	0.75	0.25	-0.35	-1.03	-0.74	-0.73	0.97	0.13	-1.07	0.84
-0.64	0.55	-2.01	1.11	-0.40	0.23	0.25	-0.96	-0.60	2.13	-1.07	-1.87	-0.71	2.18	2.37	0.11	0.69	2.75	-1.61	1.61	-0.45	2.30	1.72	3.04	-1.80	1.65	2.08	1.02	0.51	1.69	-1.67	-0.35	-2.37	3.01	2.15	1.83	1.76	-1.56	1.24	0.21	-1.19
-0.61	0.70	0.24	-0.00	0.00	-0.31	-0.70	0.26	0.58	-0.12	-0.80	0.14	0.64	-0.04	-0.68	-0.27	-0.21	-0.34	0.89	-0.89	0.03	2.00	-0.18	-0.39	0.71	-0.51	-0.30	-0.18	-0.59	-0.44	0.42	0.71	0.11	-0.25	-0.74	-1.24	-1.52	0.55	0.31	-0.85	-1.19
-0.65	0.93	-0.65	-0.00	0.00	-0.31	0.35	-0.36	-0.30	0.37	0.17	1.12	-0.82	-0.88	-0.80	-0.37	-0.53	-0.42	1.01	-1.01	0.01	-0.30	-0.69	-0.75	1.02	0.07	-0.76	-0.93	0.16	-0.78	0.36	0.34	0.77	-0.75	-0.57	-0.63	-0.75	0.22	0.12	-0.33	-1.19
-0.64	0.62	0.24	0.41	-0.44	0.19	-0.46	-0.08	0.63	-0.40	-0.40	0.80	0.22	-0.82	-1.03	-0.42	-0.53	-0.40	0.50	-0.50	-0.12	-0.52	-0.89	-0.76	0.66	0.91	-0.41	-1.07	-1.11	-0.37	0.51	0.29	0.65	-0.65	-0.61	-0.46	-0.41	0.88	0.25	-1.11	-1.19
-0.65	0.93	-0.65	1.11	0.03	-0.22	0.33	-0.41	-0.00	-0.28	0.50	0.66	-0.01	-0.53	-0.80	-0.45	-0.57	-0.42	0.67	-0.67	-0.08	-1.74	-1.14	-0.86	0.30	0.54	-0.32	-1.62	-0.13	-0.37	0.97	-1.27	0.95	-0.82	0.87	0.85	0.68	0.76	-0.48	-0.23	-1.19
-0.58	0.62	0.85	-0.80	-0.55	0.18	0.74	-0.70	-0.75	1.03	0.24	-0.27	-0.32	0.16	0.60	-0.32	-0.43	-0.34	-0.01	0.01	-0.23	1.48	-0.47	-0.33	0.18	1.09	0.25	-0.49	1.09	0.39	-0.61	-0.38	0.50	-0.45	0.15	-0.01	-0.19	-0.99	0.42	0.51	0.84
-0.63	0.70	0.78	-0.00	0.00	-0.31	-0.69	-0.44	1.27	-1.05	-0.42	0.21	0.54	0.12	-0.83	-0.43	-0.54	-0.34	-0.36	0.36	-0.22	-0.41	-0.81	-0.64	-0.24	-0.16	-0.27	-1.01	-1.34	-0.22	-0.07	-0.29	0.38	-0.49	-1.06	-0.86	-0.47	0.85	0.45	-1.28	0.84
-0.63	0.70	0.31	0.51	-0.36	0.10	0.09	0.35	0.01	-0.67	0.57	1.25	-0.67	-0.88	-1.13	-0.43	-0.54	-0.41	0.93	-0.93	-0.02	-1.33	-0.92	-0.82	0.57	0.33	-0.86	-1.23	-0.48	-0.90	1.76	-0.70	0.82	-0.73	0.33	0.16	-0.04	1.41	-1.05	-0.27	0.84
-0.65	0.93	-0.65	-0.39	0.81	-0.86	-0.25	0.11	0.31	-0.34	-0.11	1.65	-1.36	-1.07	-1.22	-0.23	-0.46	-0.40	0.93	-0.93	-0.06	-1.03	-0.39	-0.72	1.08	-0.60	-1.43	-0.48	-0.70	-1.42	0.84	0.03	0.68	-0.59	0.43	0.39	0.20	0.89	-0.12	-0.73	0.84
-0.65	0.85	-2.22	1.31	1.20	-0.92	0.27	-1.15	-0.24	1.41	-0.69	-1.55	0.89	1.41	1.17	-0.41	-0.58	-0.21	-1.85	1.85	-0.47	-0.60	-0.66	-0.11	-1.79	1.06	1.27	-0.59	0.23	1.31	-1.41	0.09	0.14	-0.29	-1.30	-1.28	-1.18	-1.29	1.56	-0.38	-1.19
-0.17	0.25	-0.04	-1.30	-1.79	3.28	1.73	-0.93	-1.91	1.92	0.99	-0.88	-0.38	-0.22	1.94	-0.39	-0.38	-0.34	0.73	-0.73	-0.15	-0.53	-0.50	0.11	-0.42	0.79	1.30	-0.46	1.27	1.64	-1.54	-0.99	0.54	-0.58	-1.06	-1.14	-1.10	-1.72	-0.46	2.13	0.84
-0.63	0.62	-0.17	-1.00	-0.36	-0.08	-0.70	-0.74	1.33	-0.82	-0.63	-0.67	1.17	1.09	-0.36	-0.47	-0.60	-0.39	-1.01	1.01	-0.31	-1.55	-1.16	-0.78	-1.26	0.76	0.44	-1.21	-1.15	0.49	-0.32	-0.35	0.77	-0.83	0.76	1.09	0.65	0.53	0.80	-1.34	0.84
-0.56	0.62	0.44	-0.29	0.29	-0.56	1.88	-1.00	-1.36	0.25	2.09	-1.66	1.33	0.97	1.31	-0.49	-0.64	-0.43	-1.36	1.36	-0.41	-1.83	-1.51	-0.87	-2.10	-0.09	1.28	-2.22	0.34	0.90	-0.11	-1.87	1.05	-1.07	-3.03	-4.80	-3.51	0.15	-0.97	0.86	0.84
-0.64	0.77	0.72	1.31	0.12	-0.28	1.60	-0.44	-1.30	0.07	1.95	0.16	-0.18	-0.72	0.31	-0.40	-0.48	-0.42	1.23	-1.23	0.09	0.35	-0.96	-0.61	0.65	2.13	0.38	-1.12	1.27	0.53	-0.04	-0.51	0.90	-1.01	-0.48	-1.48	-1.50	-0.41	-1.32	1.77	-1.19
2.31	0.10	0.37	-0.49	0.21	-0.51	-0.25	0.56	0.32	-0.93	0.32	0.30	0.86	-0.33	-0.92	-0.41	-0.59	-0.38	-0.55	0.55	-0.35	-0.94	-1.00	-0.77	0.00	0.53	-0.43	-1.38	-1.09	-0.39	1.24	-0.10	0.65	-0.86	-1.63	-2.38	-2.12	1.71	-1.16	-0.44	0.84
-0.64	0.25	-0.58	1.21	-0.49	0.36	0.31	0.15	-0.10	-0.66	0.80	1.20	-0.75	-0.98	-0.93	-0.42	-0.55	-0.39	0.49	-0.49	-0.17	-1.03	-0.70	-0.70	0.33	0.63	-0.78	-0.86	0.07	-0.78	1.17	0.16	0.74	-0.71	0.08	-0.65	-0.76	0.80	-0.84	0.11	-1.19
-0.64	0.70	-1.06	0.41	-0.66	0.50	-0.31	-0.62	0.55	0.11	-0.60	-0.59	1.11	0.13	0.14	-0.28	-0.28	-0.20	-0.13	0.13	-0.31	0.64	-0.23	-0.05	-0.09	0.42	0.68	-0.20	0.15	0.86	-0.46	0.41	-0.14	-0.05	-0.65	0.07	-0.06	-0.46	1.03	-0.63	-1.19
-0.57	0.55	0.92	0.01	-0.83	0.72	-0.57	-0.80	0.87	0.14	-1.01	-1.14	1.40	1.06	0.31	-0.18	-0.07	0.07	-0.56	0.56	-0.36	0.35	0.13	0.35	-0.55	1.11	1.21	0.13	0.04	1.17	-0.78	0.91	-0.78	0.56	-0.86	-0.89	-0.73	-0.69	1.57	-0.97	0.84
0.98	0.32	0.85	0.51	0.06	-0.31	-0.14	-0.59	0.30	0.32	-0.50	0.25	0.72	-0.80	-0.43	-0.42	-0.54	-0.34	-0.73	0.73	-0.36	-0.29	-0.60	-0.45	-0.19	-0.34	0.10	-0.42	-0.02	0.23	-0.57	0.43	0.43	-0.41	-0.96	-0.52	0.42	-0.40	0.90	-0.55	-1.19
-0.63	0.70	-0.58	-0.29	-0.31	-0.04	1.13	-0.21	-1.54	1.52	0.59	-0.60	-0.40	-0.14	1.42	-0.03	0.17	-0.13	0.44	-0.44	-0.10	0.05	0.39	0.50	0.18	0.71	0.70	0.54	1.47	0.83	-1.20	-0.22	0.08	0.31	0.06	-0.19	-0.38	-1.17	-0.64	1.79	0.84
-0.06	0.40	0.92	-0.59	-0.49	0.12	0.80	-0.96	-1.11	2.15	-0.38	-0.85	0.62	0.16	0.93	-0.18	-0.36	-0.05	-0.84	0.84	-0.38	1.68	0.20	0.32	0.05	0.16	0.53	0.30	1.32	0.67	-1.45	-0.38	-0.09	0.12	0.01	-0.21	-0.36	-1.52	0.90	0.52	0.84
-0.60	0.40	-1.67	-1.00	-0.83	0.56	-0.78	0.02	1.24	-1.33	-0.28	0.38	0.45	-0.31	-0.78	-0.43	-0.56	-0.37	-0.39	0.39	-0.34	-1.56	-0.88	-0.70	-0.59	0.20	-0.32	-0.76	-1.15	-0.27	0.71	0.31	0.66	-0.27	0.43	0.46	0.22	1.09	-0.21	-0.82	0.84
-0.65	0.85	-1.47	0.01	-1.05	1.15	0.39	-0.02	-0.10	-0.63	0.85	0.89	-0.73	-0.98	-0.40	-0.32	-0.39	-0.35	0.66	-0.66	-0.15	-1.09	-0.11	-0.38	0.34	-0.25	-0.68	0.24	0.75	-0.40	0.50	0.60	0.56	-0.22	0.03	0.31	0.56	0.11	-0.93	0.86	-1.19
-0.65	0.93	0.44	1.31	0.21	-0.35	-0.21	-0.37	0.46	-0.20	-0.25	-0.23	0.65	-0.06	-0.03	-0.31	-0.44	-0.25	-0.13	0.13	-0.27	0.57	-0.27	-0.19	-0.00	0.65	0.46	-0.02	0.24	0.57	-0.12	0.60	0.21	0.17	0.40	0.53	0.38	-0.20	0.53	-0.35	-1.19
-0.62	0.62	0.58	-0.80	-0.96	0.82	-1.09	1.94	0.49	-1.08	-0.39	0.57	0.26	-0.17	-1.07	-0.30	-0.17	-0.39	1.39	-1.39	0.67	0.01	-0.48	-0.60	0.87	-0.67	-0.81	-0.55	-1.79	-0.86	1.67	0.38	0.29	-0.61	-0.70	-1.48	-1.33	1.75	-0.70	-0.96	0.84
0.04	0.62	0.51	0.51	0.12	-0.36	0.20	0.11	-0.45	0.54	-0.01	0.79	-0.20	-0.95	-0.63	-0.24	-0.36	-0.34	0.80	-0.80	-0.03	0.21	-0.12	-0.39	0.86	-0.15	-0.45	-0.19	0.50	-0.54	-0.05	0.61	0.40	-0.36	-0.12	-0.33	-0.44	-0.25	0.20	0.03	-1.19
2.64	-0.21	1.53	0.31	0.16	-0.41	2.27	-1.04	-1.92	0.81	2.29	-1.28	-0.58	0.26	2.47	-0.49	-0.63	-0.42	-1.24	1.24	-0.42	0.73	-1.40	-0.70	-1.82	1.75	1.95	-1.70	0.87	1.82	-1.00	-1.39	1.18	-0.94	1.78	2.01	2.22	-1.37	-1.01	2.36	-1.19
-0.24	-1.11	1.19	0.11	-0.36	0.06	0.94	-0.63	-0.62	0.13	1.02	-1.37	-0.55	0.73	2.30	-0.24	0.60	1.19	-0.88	0.88	-0.40	-0.07	0.93	2.28	-1.68	2.29	2.14	1.07	1.57	2.42	-0.61	-0.09	-1.16	1.04	0.13	0.17	-0.02	-0.99	-0.87	1.85	0.84
-0.52	0.62	0.03	-0.49	0.90	-0.90	-0.51	0.05	0.18	0.68	-1.02	-0.38	0.78	0.25	-0.05	0.40	0.30	0.01	0.16	-0.16	-0.14	0.03	0.91	0.32	0.24	-0.08	0.14	0.81	0.10	0.02	-0.70	0.77	-0.57	-0.15	0.06	0.19	0.01	-0.55	1.20	-0.72	0.84
-0.60	-2.32	0.03	-0.49	-0.74	0.48	-1.65	2.37	0.99	-1.55	-0.76	1.24	-0.64	-0.77	-1.21	-0.28	-0.17	-0.38	1.11	-1.11	0.71	-0.39	-0.29	-0.63	0.94	-1.24	-1.26	1.92	-1.42	-1.11	1.41	0.79	0.56	-0.01	0.24	1.39	1.39	1.48	-0.74	-0.65	0.84
-0.62	0.10	-0.31	-1.70	-0.83	0.44	0.24	-0.73	-0.05	0.49	-0.13	-0.33	0.42	0.10	0.21	-0.33	-0.39	-0.29	-0.03	0.03	-0.26	-0.18	-0.47	-0.29	-0.21	0.26	0.63	-0.29	0.71	0.71	-0.34	0.51	0.41	-0.42	0.72	0.78	0.65	-0.74	0.66	0.02	0.84
-0.58	0.70	0.44	0.51	0.77	-0.77	-1.80	0.74	2.04	-1.87	-1.14	0.53	0.90	-0.60	-1.18	-0.09	-0.16	-0.13	-0.02	0.02	-0.22	0.23	0.26	-0.15	0.21	-0.61	-0.41	0.46	-1.99	-0.35	0.45	0.57	-0.38	0.15	0.43	-0.45	-0.51	1.19	0.29	-1.44	0.84
-0.64	0.85	-0.24	1.82	0.42	-0.47	-0.17	0.56	-0.02	-0.25	0.04	1.55	-1.34	-1.05	-1.06	-0.22	-0.45	-0.41	1.38	-1.38	0.18	0.40	-0.15	-0.68	1.57	-0.57	-1.49	-0.22	-0.32	-1.41	0.89	0.19	0.66	-0.83	-0.01	0.31	0.86	0.83	-0.59	-0.18	-1.19
-0.58	0.77	0.37	0.51	-0.34	0.08	-0.44	0.74	0.28	-0.61	-0.07	1.71	-1.65	-1.05	-1.13	-0.31	-0.44	-0.38	0.72	-0.72	0.05	0.72	-0.01	-0.54	0.58	-1.19	-1.40	0.20	-0.44	-1.32	0.99	0.56	0.52	-0.19	0.37	0.18	0.37	0.76	-0.34	-0.38	0.84
-0.19	-0.66	0.58	0.71	-0.18	-0.06	-1.22	3.24	-0.25	-0.52	-0.57	0.49	0.19	-0.09	-0.92	0.04	1.51	-0.31	2.13	-2.13	2.13	0.01	0.47	-0.18	1.53	-1.06	-1.08	0.51	-1.55	-1.12	1.52	0.29	-0.11	0.38	1.30	1.84	1.92	1.68	-1.28	-0.28	-1.19
-0.62	-0.06	-0.92	0.61	0.98	-0.87	0.32	-0.89	-0.92	2.71	-1.29	-1.58	0.76	0.90	1.64	-0.36	-0.14	-0.04	-0.67	0.67	-0.31	0.31	-0.24	0.33	-0.67	1.14	1.40	2.06	1.07	1.66	-1.88	-0.16	-0.17	-0.06	-1.32	-1.03	-0.92	-1.80	1.46	0.21	-1.19
-0.65	0.93	-0.10	0.71	-0.36	0.13	-0.08	1.54	-0.40	-0.72	0.64	1.95	-1.99	-1.12	-1.27	-0.30	-0.49	-0.42	1.45	-1.45	0.82	0.05	-0.41	-0.82	1.40	-2.41	-2.10	-0.18	-0.65	-2.07	1.86	-0.00	0.80	-0.81	-1.02	-1.54	-1.83	1.61	-1.57	0.08	-1.19
-0.54	0.47	1.88	0.71	-0.90	0.96	-0.17	-1.01	0.26	1.01	-1.02	-1.18	0.76	0.97	0.89	-0.43	-0.55	-0.33	-1.04	1.04	-0.36	0.75	-0.83	-0.40	-0.80	0.52	1.20	1.35	0.78	1.20	-1.21	0.16	0.59	-0.51	0.38	0.23	0.03	-1.24	1.60	-0.47	-1.19
-0.56	0.55	0.99	0.91	0.23	-0.41	1.49	-0.85	-1.46	1.25	1.06	-1.54	-1.45	0.63	3.31	-0.35	0.30	0.88	-1.11	1.11	-0.40	1.29	0.49	2.05	-1.90	1.41	1.90	2.62	1.42	2.16	-1.54	-1.11	-0.38	0.38	0.33	0.26	0.33	-1.52	-1.04	2.54	-1.19
-0.65	1.08	-0.24	-1.80	-0.70	0.23	-1.61	2.74	0.72	-1.44	-0.68	1.24	-0.60	-0.73	-1.26	-0.25	-0.22	-0.40	1.75	-1.75	1.68	-1.27	-0.62	-0.75	1.56	-1.51	-1.41	1.52	-1.58	-1.50	1.36	0.82	0.70	-0.64	0.09	0.24	0.31	1.63	-0.90	-0.63	0.84
-0.55	-1.19	-0.38	0.51	1.98	-1.21	-0.71	1.77	-0.06	-0.37	-0.31	1.41	-1.12	-0.83	-1.12	0.00	-0.03	-0.39	1.62	-1.62	1.00	-0.28	-0.04	-0.56	1.75	-1.29	-1.56	0.17	-0.81	-1.62	1.11	0.53	0.44	-0.39	0.08	0.30	0.19	1.10	-0.56	-0.48	-1.19
-0.15	0.25	0.37	-1.00	0.12	-0.50	1.62	-0.81	-1.86	1.90	0.89	-0.76	-0.11	-0.30	1.59	-0.40	-0.49	-0.32	-0.36	0.36	-0.18	0.33	-0.72	-0.27	-0.03	1.05	0.70	-0.81	1.39	0.88	-1.43	-0.46	0.81	-0.69	0.92	0.54	0.28	-1.53	-0.23	1.71	0.84
2.65	-2.25	0.65	-1.30	0.51	-0.77	2.04	-0.34	-1.83	0.24	2.46	1.12	-2.00	-1.20	0.24	-0.35	-0.42	-0.42	1.13	-1.13	0.68	-0.17	-0.52	-0.56	1.23	-0.84	-0.85	-0.54	1.20	-0.47	-0.82	-1.15	1.00	-0.89	0.59	0.54	0.64	-0.93	-1.57	2.52	0.84
-0.65	1.00	-0.92	1.01	-0.23	0.02	-1.68	2.75	0.89	-1.73	-0.61	1.08	-0.06	-0.66	-1.42	-0.35	-0.11	-0.35	1.25	-1.25	0.48	-1.38	-0.45	-0.65	0.85	-1.27	-1.19	-0.37	-3.03	-1.07	2.42	-0.43	0.37	-0.27	0.84	0.75	0.73	2.64	-1.36	-1.13	-1.19
-0.57	0.62	1.88	0.11	-0.92	0.90	1.63	-0.23	-1.70	0.74	1.69	-0.30	-0.15	-0.76	1.10	-0.11	0.04	-0.15	0.15	-0.15	-0.14	2.48	0.55	0.40	0.29	0.58	0.24	0.49	1.60	0.45	-1.15	-0.49	0.33	-0.33	-0.33	-0.24	-0.32	-1.11	-1.40	2.51	-1.19
1.71	-0.28	1.06	2.22	0.46	-0.47	1.39	-0.87	-1.46	1.51	0.79	0.52	-0.55	-0.87	0.04	-0.13	-0.56	-0.39	-0.42	0.42	-0.28	1.05	-0.45	-0.57	1.03	0.09	-0.44	-0.64	1.36	-0.51	-0.81	-0.06	0.85	-0.74	0.61	0.49	0.45	-1.15	0.19	0.90	-1.19
-0.56	0.25	1.33	1.11	0.36	-0.48	-0.52	0.51	0.09	0.36	-0.77	0.07	0.48	-0.15	-0.38	-0.01	0.78	-0.10	0.83	-0.83	0.10	1.05	0.49	0.19	0.40	0.54	0.25	0.54	0.07	0.34	0.14	0.84	-0.45	0.43	-0.04	0.08	0.12	-0.12	0.48	-0.38	-1.19
-0.61	0.55	-0.04	-0.70	-0.53	0.16	-1.48	2.08	1.01	-1.66	-0.54	0.59	0.03	0.18	-1.15	-0.16	0.17	-0.33	0.93	-0.93	0.76	-0.51	-0.31	-0.54	0.71	-0.67	-0.88	-0.36	-2.55	-0.81	1.52	0.08	0.16	-1.83	-0.20	0.34	0.56	2.20	-1.01	-1.07	0.84
2.56	-0.89	-0.17	0.01	2.58	-1.36	1.47	-1.08	-1.33	1.27	0.97	-1.30	1.01	0.45	1.26	-0.48	-0.62	-0.44	0.93	-0.93	0.15	-1.85	-1.36	-0.79	-0.79	1.04	1.40	-1.56	1.18	1.27	-1.24	-0.62	1.05	-0.97	-0.07	0.11	0.06	-1.40	0.87	0.44	0.84
2.60	-1.04	1.12	-1.50	-1.48	1.98	-1.26	3.05	0.13	-1.16	-0.30	1.43	-0.77	-0.80	-1.43	-0.31	0.18	-0.40	1.88	-1.88	1.79	-0.56	-0.41	-0.66	1.46	-1.90	-1.43	-0.21	-2.39	-1.33	2.40	-0.56	0.38	-0.36	0.05	0.20	0.25	2.37	-1.42	-0.80	0.84
1.73	0.02	1.53	2.12	0.59	-0.56	0.32	-0.42	-0.30	0.55	0.01	0.16	0.11	-0.83	0.18	-0.37	-0.48	-0.37	0.07	-0.07	-0.20	-0.50	-0.65	-0.46	0.15	-0.50	0.18	1.12	1.07	0.25	-0.32	0.30	0.72	-0.68	-0.26	-0.56	-0.73	-0.72	0.02	0.67	-1.19
-0.49	-0.06	0.58	-1.50	-0.57	0.11	0.03	1.82	-0.62	-0.79	0.90	1.76	-1.72	-1.11	-1.12	-0.06	-0.31	-0.42	1.67	-1.67	1.76	-0.60	-0.26	-0.78	1.66	-2.16	-1.96	-0.65	-0.54	-2.16	1.96	-1.25	0.75	-0.70	-0.12	-0.22	-0.25	1.74	-1.70	0.09	0.84
-0.63	0.70	-1.26	1.01	-0.75	0.73	0.06	-0.19	-0.03	0.17	-0.05	0.21	0.30	-0.61	-0.19	-0.11	-0.17	-0.28	0.26	-0.26	-0.08	0.19	-0.06	-0.21	0.32	1.07	0.32	-0.19	0.53	0.38	0.07	0.63	0.19	-0.27	-0.83	-0.90	-0.99	-0.27	0.10	0.15	0.84
-0.62	0.55	0.58	-0.49	-1.13	1.23	1.83	-1.06	-1.24	0.15	2.07	0.52	-1.05	-0.74	0.32	-0.45	-0.59	-0.40	-0.61	0.61	-0.27	0.06	-1.03	-0.65	-0.11	0.22	0.28	-1.35	1.50	0.11	-0.32	-0.85	1.00	-0.90	0.12	0.19	0.15	-0.84	-0.71	1.54	0.84
-0.64	0.47	-0.99	0.01	-0.14	-0.18	-0.60	-1.18	0.86	0.69	-1.44	-1.97	-1.08	3.73	1.83	0.10	0.77	3.60	-1.71	1.71	-0.45	1.06	1.82	2.89	-2.09	0.70	1.75	1.22	0.30	1.18	-1.99	0.48	-3.86	3.78	0.53	0.47	0.31	-1.53	2.60	-1.22	0.84
-0.52	0.32	-0.92	1.71	0.12	-0.25	-0.13	-0.22	-0.08	0.78	-0.65	-0.08	1.05	-0.56	-0.25	-0.16	-0.15	-0.23	0.02	-0.02	-0.10	1.13	0.23	-0.11	0.54	0.45	0.07	0.12	0.29	0.08	-0.43	0.54	0.08	0.02	0.80	0.50	0.36	-0.57	0.81	-0.29	-1.19
-0.60	0.62	-0.65	0.01	0.90	-0.87	-0.30	-0.39	0.66	-0.49	-0.21	0.69	-0.13	-0.34	-0.90	-0.41	-0.55	-0.41	0.17	-0.17	-0.19	-1.57	-0.96	-0.82	0.08	-0.81	-0.43	-1.30	-1.07	-0.60	0.31	-0.23	0.78	-0.72	-0.10	0.06	0.10	0.90	0.24	-1.11	0.84
-0.65	1.00	0.51	-0.39	-1.53	2.43	-0.38	0.04	0.26	0.20	-0.60	-0.07	0.37	0.15	-0.24	-0.22	-0.14	-0.26	0.45	-0.45	-0.10	0.93	0.06	-0.15	0.13	0.67	0.25	-0.07	0.13	0.26	0.00	0.88	0.01	0.00	0.05	0.26	0.29	-0.26	0.71	-0.49	0.84
-0.54	0.25	0.37	0.51	1.68	-1.13	0.17	-0.30	0.22	-0.59	0.49	0.29	0.74	-0.65	-0.62	-0.35	-0.53	-0.33	-0.65	0.65	-0.37	-0.82	-0.52	-0.48	-0.33	1.05	-0.03	-0.63	0.02	0.12	0.38	0.65	0.45	-0.50	-0.77	-0.97	-0.96	0.44	-0.35	-0.06	0.84
-0.45	0.62	1.06	-0.00	0.00	-0.31	0.83	-0.77	-0.44	0.10	0.86	0.53	0.12	-0.90	-0.43	-0.46	-0.59	-0.42	0.28	-0.28	-0.22	-0.01	-1.17	-0.80	0.00	1.41	0.28	-1.68	0.59	0.27	0.63	-0.28	0.93	-0.88	-0.31	-0.53	-0.59	0.14	-0.30	0.18	0.84
1.69	0.25	0.58	0.01	-0.22	-0.10	-0.27	-0.68	0.66	-0.18	-0.41	-0.03	0.98	-0.20	-0.53	-0.30	-0.43	-0.29	-0.11	0.11	-0.31	0.49	-0.35	-0.36	-0.00	0.49	0.08	-0.28	-0.10	0.08	-0.16	0.54	0.20	-0.25	-0.43	-0.34	-0.42	-0.00	0.71	-0.74	0.84
1.25	-0.13	-0.10	0.01	-0.53	0.26	0.05	-0.35	-0.09	0.54	-0.31	-0.36	0.35	-0.03	0.40	0.15	-0.07	-0.10	0.18	-0.18	-0.18	1.18	0.50	0.30	0.73	0.29	0.21	0.34	0.60	0.35	-0.41	0.00	-0.36	0.17	-0.73	-0.54	-0.44	-0.55	0.25	0.27	-1.19
-0.62	0.10	-1.40	0.41	-0.40	0.14	0.29	-1.08	-0.51	1.95	-0.94	-1.78	-0.05	1.83	1.96	-0.12	0.89	2.60	-1.38	1.38	-0.44	1.13	1.72	2.93	-1.71	2.04	2.07	0.79	1.16	1.85	-1.59	0.25	-2.87	2.74	0.30	0.70	0.72	-1.67	1.53	0.02	-1.19
-0.58	-0.51	0.78	-1.30	-0.34	-0.13	-1.59	0.65	1.71	-1.39	-1.17	-0.18	1.65	0.04	-0.89	-0.23	0.30	-0.16	0.50	-0.50	0.00	-0.38	0.00	-0.11	0.07	-0.21	-0.03	0.11	-1.86	-0.02	0.39	0.55	-0.40	0.44	0.56	0.84	0.80	0.98	0.53	-1.49	0.84
-0.44	0.47	0.44	0.11	0.64	-0.73	-0.21	0.98	0.03	-0.81	0.39	1.96	-1.88	-1.17	-1.33	-0.36	-0.53	-0.41	1.03	-1.03	0.02	-1.00	-0.38	-0.82	0.97	-1.24	-1.84	-0.43	-0.98	-2.01	1.73	-0.63	0.77	-0.71	-0.40	-0.29	-0.40	1.72	-1.22	-0.39	-1.19
-0.60	0.62	0.03	-0.49	0.27	-0.56	-0.66	-0.52	1.06	-0.47	-0.73	-0.19	0.24	0.78	-0.34	-0.36	-0.54	-0.35	-0.51	0.51	-0.26	0.02	-0.72	-0.56	-0.39	0.52	0.22	-0.83	-0.63	0.22	-0.51	0.36	0.43	-0.39	-0.09	-0.02	-0.11	0.01	1.17	-1.23	0.84
-0.65	1.15	0.78	1.51	-0.77	0.84	-0.12	-1.04	0.64	-0.04	-0.38	-1.20	1.86	0.80	0.24	-0.41	-0.58	-0.14	-1.86	1.86	-0.47	0.93	-0.55	-0.14	-1.79	1.40	1.29	-0.74	0.16	1.12	-0.64	0.49	0.14	0.01	0.86	0.83	0.71	-0.59	1.17	-0.65	0.84
-0.65	1.00	0.99	-0.00	0.00	-0.31	-1.10	4.55	-0.62	-1.49	0.42	2.07	-2.15	-0.76	-1.58	-0.03	0.07	-0.44	2.59	-2.59	6.64	0.50	-0.13	-0.67	2.04	-3.14	-2.43	-0.30	-2.67	-2.30	2.95	-2.03	0.54	-0.11	2.83	3.12	3.87	2.84	-2.69	0.06	-1.19
-0.64	0.70	0.99	-1.70	-1.27	1.31	-0.51	0.09	0.72	-0.73	-0.24	0.64	-0.02	-0.52	-0.77	-0.29	-0.54	-0.35	-0.01	0.01	-0.22	0.85	-0.37	-0.58	0.47	-1.25	-0.95	-0.46	-0.84	-1.03	0.54	0.35	0.41	-0.48	-0.74	-0.57	-0.50	0.62	0.09	-0.70	0.84
-0.64	0.55	-0.85	1.82	0.49	-0.51	0.34	-0.19	-0.84	1.56	-0.47	-0.08	0.47	-0.56	0.16	-0.24	-0.01	-0.13	0.44	-0.44	-0.09	0.14	0.30	0.28	0.09	0.05	0.47	0.29	0.93	0.59	-0.72	0.37	-0.17	0.14	-0.00	-0.02	-0.03	-0.96	0.54	0.36	-1.19
-0.64	0.70	0.24	0.01	-0.99	1.03	1.12	-0.77	-1.52	2.17	0.08	-0.95	0.24	-0.12	1.55	-0.05	-0.21	0.02	-0.79	0.79	-0.39	2.33	0.31	0.66	-0.27	1.21	1.07	0.18	1.37	1.41	-1.46	-0.57	0.02	0.09	0.90	0.46	0.38	-1.59	0.13	1.39	0.84
-0.62	0.77	0.03	-1.00	-0.92	0.71	-0.55	0.33	0.74	-0.99	-0.10	-0.41	0.99	0.35	-0.22	-0.29	-0.33	-0.20	-0.52	0.52	-0.27	-1.07	-0.50	-0.38	-0.68	0.54	0.28	-0.39	-0.55	0.23	0.58	0.43	0.28	-0.68	0.70	0.34	0.09	0.64	-0.30	-0.31	0.84
-0.65	1.00	-2.15	0.81	-0.01	-0.22	-1.09	0.40	1.18	-0.94	-0.81	-0.33	0.74	0.78	-0.44	-0.30	-0.08	-0.16	-0.06	0.06	-0.02	-1.21	-0.22	-0.18	-0.29	-0.23	0.18	-0.18	-1.29	0.14	0.41	0.44	0.01	0.55	1.98	1.40	0.95	0.65	0.50	-1.15	-1.19
-0.52	-0.21	-0.92	0.21	0.33	-0.54	0.27	0.64	-0.11	-1.14	1.13	0.09	0.62	-0.25	-0.44	-0.47	-0.59	-0.36	-1.13	1.13	-0.34	-1.94	-1.01	-0.73	-0.62	0.20	-0.18	-1.41	-0.62	-0.29	1.00	-0.59	0.83	-0.83	0.03	-0.12	-0.28	1.16	-1.64	0.59	0.84
-0.61	0.77	0.31	-0.49	-0.49	0.13	-0.83	-0.94	1.37	-0.36	-1.10	-1.67	0.16	2.90	0.96	-0.25	-0.15	0.55	-1.38	1.38	-0.41	1.54	0.23	0.81	-1.66	1.10	1.62	0.41	-0.03	1.38	-0.94	0.54	-1.27	1.65	0.59	0.74	0.66	-0.72	1.72	-1.09	0.84
-0.55	0.62	0.85	-0.00	-0.53	0.26	-0.15	0.08	-0.15	0.64	-0.54	0.06	0.00	-0.07	-0.05	-0.25	0.54	-0.05	0.58	-0.58	0.02	2.45	0.53	0.41	-0.35	0.31	0.41	0.39	0.42	0.55	-0.14	0.36	-0.43	-0.14	1.41	1.76	2.30	-0.46	0.41	0.01	-1.19
-0.65	0.85	1.33	-1.00	-0.92	0.71	-0.85	1.60	0.51	-1.28	-0.04	0.91	0.03	-0.81	-1.09	-0.36	-0.33	-0.37	0.83	-0.83	0.13	-1.55	-0.65	-0.74	0.79	-0.97	-1.16	-0.38	-1.63	-1.20	1.80	-0.11	0.66	-0.24	-0.05	-0.14	-0.20	1.98	-1.31	-0.55	0.84
-0.63	0.62	0.78	-1.00	-0.44	0.02	0.11	0.81	-0.13	-0.93	0.84	0.68	-0.42	-0.65	-0.48	-0.19	-0.17	-0.27	0.64	-0.64	-0.08	0.24	-0.14	-0.17	0.22	-0.15	-0.21	-0.21	0.22	0.07	0.95	0.43	0.28	-0.59	0.88	1.04	1.22	0.69	-1.37	0.76	-1.19
-0.65	0.93	-1.26	1.01	0.12	-0.31	-1.16	0.22	1.23	-0.65	-1.10	0.38	0.36	-0.30	-0.73	0.28	0.86	0.10	0.76	-0.76	-0.12	1.48	1.56	0.58	0.41	-0.57	-0.32	0.97	-0.81	-0.13	0.05	0.61	-1.31	1.09	-0.23	0.62	1.18	0.20	0.85	-1.08	-1.19
-0.64	0.55	1.33	0.01	-0.27	-0.05	-0.68	0.14	0.75	-0.48	-0.59	-0.40	0.90	0.45	-0.23	-0.03	0.15	-0.16	0.66	-0.66	-0.09	0.47	0.16	0.09	0.30	0.82	0.45	0.06	-0.29	0.41	0.45	0.70	-0.37	0.56	-0.12	-0.12	-0.14	0.29	0.24	-0.53	-1.19
0.09	0.25	1.60	-0.80	-0.53	0.15	1.30	-0.64	-1.11	0.54	1.25	-0.02	-0.03	-0.67	0.49	-0.34	-0.55	-0.35	-0.49	0.49	-0.34	0.45	-0.56	-0.37	-0.02	1.07	0.08	-0.70	1.18	0.29	-0.28	-0.03	0.74	-0.72	0.06	0.26	0.38	-0.72	-0.52	1.22	0.84
-0.55	0.62	0.78	-0.80	-1.24	1.43	0.91	-0.97	-0.76	1.00	0.41	0.04	0.81	-0.54	-0.30	-0.38	-0.60	-0.40	-0.35	0.35	-0.33	0.32	-0.86	-0.70	0.36	1.63	-0.04	-1.18	0.79	-0.18	-0.79	-0.01	0.86	-0.83	0.45	0.19	0.03	-0.84	0.90	-0.13	0.84
2.64	-2.77	0.85	-0.80	-1.27	1.51	2.16	-0.98	-1.93	1.01	2.05	1.98	-2.86	-1.22	-0.64	-0.43	-0.62	-0.45	1.46	-1.46	0.31	-0.88	-0.50	-0.89	1.27	-1.41	-1.91	-0.93	1.45	-2.30	-0.56	-1.61	1.17	-1.09	0.42	0.12	0.01	-0.93	-0.23	1.12	0.84
-0.51	-1.26	-0.17	0.91	0.25	-0.42	-0.79	0.43	0.91	-0.99	-0.38	0.18	0.29	0.13	-0.59	-0.32	-0.32	-0.21	0.13	-0.13	-0.15	0.02	0.05	-0.20	-0.29	-0.28	-0.07	0.03	-0.59	-0.03	0.71	0.69	-0.04	-0.18	0.26	0.50	0.44	0.74	-0.11	-0.60	-1.19
-0.02	0.47	1.40	-0.70	0.64	-0.79	0.99	-1.21	-1.22	2.28	-0.25	-1.48	0.15	0.92	1.87	-0.41	-0.52	-0.23	-1.25	1.25	-0.41	0.33	-0.64	-0.09	-1.13	0.55	1.37	-0.75	1.11	0.87	-1.68	-0.29	0.45	-0.69	0.68	0.32	0.06	-1.69	1.23	0.34	0.84
0.18	-0.06	1.26	-1.30	0.03	-0.46	1.21	-1.26	-0.83	0.82	0.84	-0.60	-1.06	0.60	1.42	-0.46	-0.60	-0.20	-1.21	1.21	-0.36	0.17	-0.90	-0.15	-1.51	0.03	0.66	-1.32	1.02	0.77	-0.67	-1.19	0.51	-0.57	-0.20	-0.27	-0.31	-1.05	0.35	0.64	0.84
-0.65	0.93	-1.67	2.52	0.59	-0.53	-0.18	-0.04	-0.03	0.53	-0.53	-0.15	0.55	-0.19	-0.00	0.10	0.28	0.15	0.02	-0.02	-0.23	1.85	1.22	0.76	-0.10	0.06	0.24	0.73	0.43	0.38	-0.39	0.33	-0.78	1.21	0.66	0.52	0.73	-0.62	0.58	-0.01	-1.19
0.15	0.10	-0.04	0.01	1.11	-0.96	-0.08	-0.91	0.44	0.22	-0.44	-1.26	1.13	1.14	0.67	-0.25	-0.38	0.07	-1.59	1.59	-0.44	-0.25	-0.06	0.37	-1.63	-0.12	1.05	-0.20	-0.36	0.91	-0.76	-0.35	-0.44	0.01	0.26	0.14	0.01	-0.63	0.71	-0.14	0.84
-0.37	0.40	-0.17	0.01	0.12	-0.40	0.09	-0.57	0.30	-0.24	0.12	0.75	0.11	-0.69	-0.95	-0.34	-0.55	-0.38	0.10	-0.10	-0.18	-0.70	-0.62	-0.67	0.11	-0.12	-0.74	-0.55	-0.15	-0.79	0.24	0.03	0.67	-0.53	0.20	0.16	0.15	0.21	0.28	-0.49	0.84
2.46	-0.06	1.74	-0.09	0.68	-0.77	2.25	-0.81	-1.69	-0.03	2.78	1.93	-3.34	-1.15	-0.24	-0.46	-0.63	-0.41	-0.02	0.02	-0.18	-0.39	-0.88	-0.58	-0.23	-2.13	-2.49	-0.74	1.36	-1.88	0.68	-2.97	1.17	-0.75	0.54	1.14	2.25	0.03	-1.65	1.68	-1.19
-0.55	-0.43	-1.06	0.01	-0.18	-0.14	-0.54	-0.77	0.78	0.24	-1.02	-1.42	-0.36	2.46	1.15	0.75	0.86	1.21	-1.21	1.21	-0.41	1.90	1.57	1.80	-1.33	0.81	1.29	1.07	0.39	1.03	-1.18	0.73	-2.46	1.40	-0.89	-0.87	-0.83	-0.98	1.57	-0.69	-1.19
-0.64	0.47	-1.88	-0.39	-1.14	1.27	-1.49	-0.02	1.96	-1.42	-1.17	-0.94	1.20	1.60	-0.24	-0.04	0.27	0.74	-0.69	0.69	-0.37	-0.34	0.61	0.82	-0.99	0.72	1.15	0.68	-1.18	0.98	0.12	0.69	-1.53	2.62	1.20	0.96	0.81	0.38	0.92	-1.32	0.84
-0.32	0.10	-0.99	0.31	1.11	-0.94	1.58	-1.19	-1.40	1.28	1.09	-0.48	-0.38	0.12	1.02	-0.46	-0.61	-0.40	-0.01	0.01	-0.20	-0.86	-1.16	-0.65	-0.38	1.22	0.71	-1.33	0.77	0.64	-0.88	-1.30	0.90	-1.12	-1.48	-1.28	-1.10	-1.15	0.07	1.03	0.84
-0.64	0.47	-1.06	0.01	0.64	-0.74	-0.57	1.00	0.14	-0.24	-0.39	0.80	-0.33	-0.55	-0.80	-0.11	0.16	-0.28	1.40	-1.40	0.45	-0.67	0.23	-0.25	0.95	-0.81	-0.77	0.10	-0.60	-0.72	0.74	0.37	0.03	0.19	0.45	0.63	0.65	0.61	-0.08	-0.50	0.84
-0.61	0.32	-0.65	0.21	0.40	-0.59	-2.14	0.21	2.82	-2.35	-1.46	-1.04	1.27	2.02	-0.38	-0.29	0.63	0.69	-0.77	0.77	-0.32	-0.05	0.41	0.72	-1.23	0.63	1.11	2.50	-1.83	1.07	-0.11	0.76	-1.64	2.13	0.22	0.73	0.86	0.78	0.93	-1.72	-1.19
-0.35	0.02	-1.40	-0.09	0.03	-0.34	-0.38	-0.70	0.72	-0.07	-0.62	-0.38	1.33	-0.01	-0.29	-0.35	-0.53	-0.30	-0.54	0.54	-0.32	-0.75	-0.63	-0.45	-0.17	-0.55	0.34	-0.63	-0.24	0.34	-0.50	0.63	0.29	-0.66	-0.71	-0.69	-0.71	-0.22	1.20	-1.03	0.84
-0.40	0.40	-0.24	0.51	-0.44	0.21	-0.02	-0.24	-0.18	0.80	-0.52	-0.34	0.20	0.21	0.31	-0.08	0.18	0.03	0.19	-0.19	-0.21	1.35	0.76	0.48	0.01	0.30	0.41	0.40	0.27	0.45	-0.57	0.35	-0.67	0.42	-1.30	-0.61	-0.34	-0.64	0.56	0.03	-1.19
-0.51	-0.43	0.92	-0.90	0.21	-0.55	-0.77	0.05	0.95	-0.65	-0.64	0.39	-0.11	-0.44	-0.32	-0.08	-0.14	0.10	-0.51	0.51	-0.29	-0.12	0.77	0.50	-0.48	-0.44	-0.12	0.89	-0.34	-0.27	0.14	0.58	-0.50	0.57	0.85	1.14	1.28	0.10	0.49	-0.60	0.84
-0.50	-0.21	0.72	1.51	-0.49	0.40	-0.06	-0.25	0.27	-0.25	0.00	1.07	-0.81	-0.72	-0.83	-0.33	-0.45	-0.35	0.38	-0.38	-0.14	0.57	-0.14	-0.47	0.65	-0.66	-0.69	-0.33	0.09	-0.53	0.05	0.45	0.40	-0.51	-0.48	-0.34	-0.19	0.18	0.06	-0.24	-1.19
1.13	0.17	-1.33	0.61	0.08	-0.31	-1.84	1.18	1.92	-2.01	-1.03	-0.05	0.69	-0.06	-0.36	0.14	-0.25	0.61	-1.86	1.86	-0.30	-0.54	0.62	0.49	-1.34	-0.91	0.04	0.42	-2.74	0.17	0.42	1.11	-1.81	0.33	-2.95	-2.58	-2.33	1.61	-0.20	-1.34	-1.19
-0.34	-0.58	0.92	0.01	1.42	-1.07	0.45	-0.92	-0.49	1.35	-0.37	-1.01	0.73	0.26	1.06	-0.27	-0.43	-0.22	-0.65	0.65	-0.37	-0.25	-0.29	-0.06	-0.35	0.79	1.03	-0.16	0.76	1.20	-1.10	-0.06	0.19	-0.53	-0.86	-0.66	-0.58	-1.26	0.89	0.28	0.84
-0.57	-0.43	0.85	-1.50	-1.18	1.14	1.10	-0.56	-0.75	0.02	1.30	0.34	-0.52	-0.37	0.01	-0.47	-0.62	-0.42	-0.66	0.66	-0.36	0.19	-1.04	-0.79	-0.66	0.31	-0.23	-1.15	0.72	-0.26	0.75	-0.01	0.95	-1.03	-0.98	-0.53	-0.37	0.50	-0.91	0.46	0.84
-0.64	0.77	-1.06	-1.50	-0.44	-0.04	-1.14	0.75	0.78	-0.21	-1.21	-0.53	1.20	0.50	-0.25	1.56	1.28	-0.01	0.18	-0.18	0.06	-0.35	1.25	0.32	0.67	-0.92	-0.26	0.88	-1.01	-0.37	-0.50	0.29	-0.97	1.95	-0.93	-0.45	-0.30	-0.05	1.15	-1.14	0.84
-0.57	0.40	0.24	-0.00	0.33	-0.56	2.04	-0.98	-2.10	1.74	1.49	-1.32	0.07	-0.30	2.42	-0.38	-0.51	-0.31	-0.62	0.62	-0.37	1.45	-0.71	-0.16	0.20	0.60	1.11	-0.60	1.49	1.39	-1.80	-1.02	0.84	-0.91	0.68	0.72	0.64	-1.84	-0.75	2.55	0.84
1.28	-1.19	0.24	1.51	1.20	-0.91	-1.82	2.56	1.15	-1.83	-0.78	0.79	0.17	-0.53	-1.16	0.71	0.80	-0.07	0.84	-0.84	0.13	-0.29	1.27	0.00	0.80	-1.49	-1.37	1.12	-2.21	-1.27	1.85	0.62	-0.51	0.64	0.81	0.99	0.89	1.93	-0.93	-0.89	-1.19
0.53	-1.94	-0.24	0.61	1.89	-1.18	-0.77	-0.15	1.08	-0.73	-0.64	-0.55	1.39	0.28	-0.22	-0.22	0.05	-0.08	-0.30	0.30	-0.15	0.60	0.24	0.05	-0.16	-0.02	0.29	0.40	-0.25	0.31	-0.07	0.92	-0.47	0.20	-1.26	-1.17	-1.13	0.10	0.48	-0.60	-1.19
1.35	-1.57	1.81	-0.19	-1.66	3.02	-0.00	-1.01	0.30	0.50	-0.51	-0.94	0.16	1.44	0.61	-0.43	-0.64	-0.40	-1.88	1.88	-0.44	-1.04	-0.97	-0.72	-1.70	0.96	0.28	-1.13	-0.05	0.03	-0.55	0.50	0.72	-0.80	-1.91	-1.43	-1.09	-0.39	1.22	-0.89	0.84
-0.40	-0.81	1.12	0.31	-0.32	0.04	-1.12	-0.75	1.48	-0.19	-1.53	-1.46	1.06	2.04	0.49	-0.31	-0.39	0.12	-1.60	1.60	-0.42	1.45	-0.01	0.30	-1.40	0.44	0.92	2.24	-0.19	0.94	-1.46	0.43	-0.73	0.60	-0.12	0.09	-0.04	-0.87	2.25	-1.50	-1.19
-0.63	0.77	0.03	1.51	1.32	-0.95	1.25	-0.91	-0.88	0.41	1.21	-1.78	-1.49	1.14	3.42	0.45	5.92	12.12	-1.37	1.37	-0.43	-0.75	5.08	9.01	-2.30	2.53	2.64	3.17	1.67	2.64	-1.07	-0.78	-5.10	4.53	-0.15	-0.28	-0.42	-1.34	-1.11	2.43	-1.19
-0.53	0.32	-0.45	1.92	0.90	-0.74	-0.15	-0.86	0.11	1.16	-1.04	-1.82	-0.42	2.41	1.93	0.68	1.38	2.01	-0.90	0.90	-0.38	2.08	1.54	2.44	-1.00	1.91	2.11	1.14	0.77	1.87	-1.08	0.46	-2.74	2.17	-0.74	-0.40	-0.31	-1.27	1.41	-0.24	-1.19
1.86	-0.96	0.51	-0.39	-0.78	0.56	-1.70	0.69	1.99	-1.90	-1.01	-0.86	2.14	1.32	-0.87	-0.37	-0.41	-0.01	-1.32	1.32	-0.41	-0.30	-0.39	-0.15	-1.36	0.35	0.64	-0.07	-2.25	0.62	0.32	0.87	-0.60	0.19	-1.90	-1.73	-1.52	1.46	0.05	-1.45	0.84
0.98	-2.55	1.88	-0.19	-0.79	0.61	0.68	-0.99	-0.49	0.85	0.20	-1.32	0.22	1.00	1.49	-0.08	-0.49	0.02	-1.76	1.76	-0.46	1.47	-0.15	0.41	-1.19	0.83	1.58	0.91	1.18	1.33	-0.71	0.21	-0.15	0.06	-0.46	-0.33	-0.43	-1.07	0.48	0.53	0.84
-0.04	-2.17	-1.33	-0.49	1.49	-1.12	-0.49	0.72	0.37	-0.67	-0.11	0.71	-0.08	-0.71	-0.72	0.01	0.10	-0.31	1.20	-1.20	0.25	-1.32	-0.01	-0.37	1.19	-0.86	-0.70	1.35	0.04	-0.92	0.83	0.57	0.27	-0.34	-0.75	-0.25	-0.43	0.65	-0.66	0.06	0.84
0.63	-2.32	0.44	-0.19	1.07	-0.96	0.19	0.46	0.09	-1.24	1.04	0.89	-0.33	-0.75	-0.83	-0.44	-0.51	-0.41	0.84	-0.84	0.18	-1.86	-1.10	-0.86	0.58	0.43	-0.66	-0.96	-0.18	-0.66	1.44	-0.29	0.94	-0.86	-0.08	-0.19	-0.29	1.38	-1.52	0.25	0.84
2.41	-2.85	-1.47	-0.19	2.76	-1.40	-0.36	2.01	-0.96	0.78	-0.45	0.08	0.13	-0.62	0.16	4.65	2.04	0.25	0.75	-0.75	0.14	-0.08	2.86	1.06	1.35	-1.74	-0.82	1.70	0.42	-1.02	-0.19	0.75	-0.80	0.73	0.00	-0.05	-0.04	0.32	-0.95	0.67	-1.19
0.79	-1.26	-1.47	1.71	1.33	-0.95	-1.05	0.44	0.93	-0.43	-1.04	0.14	0.30	0.18	-0.58	2.22	1.50	0.10	0.57	-0.57	0.04	-0.47	1.58	0.37	0.59	-1.18	-0.59	1.02	-0.62	-0.71	-0.01	1.00	-0.82	0.73	-0.33	-0.23	-0.19	0.22	0.73	-0.97	-1.19
1.71	-2.02	-0.17	0.51	1.59	-1.10	1.04	-0.19	-0.81	-0.16	1.41	0.95	-0.75	-1.09	-0.42	-0.29	-0.48	-0.41	0.73	-0.73	0.08	-0.23	-0.71	-0.66	1.16	-0.01	-0.77	-0.94	0.88	-0.69	0.71	-0.25	0.83	-0.83	-1.09	-1.02	-1.03	0.53	-1.45	1.00	-1.19
0.63	-0.81	0.24	-0.70	-0.27	-0.13	-0.46	-0.10	0.66	-0.46	-0.38	0.33	0.81	-0.72	-0.69	0.10	-0.13	-0.19	-0.27	0.27	-0.23	-0.27	0.29	-0.11	0.31	-0.18	-0.29	0.11	-0.35	-0.21	0.21	0.59	0.08	0.14	1.44	1.36	1.30	0.17	0.30	-0.47	0.84
2.64	-2.47	0.92	0.11	1.46	-1.08	1.34	0.57	-1.27	-0.65	2.24	0.56	-1.88	-0.28	0.55	3.80	4.05	0.93	1.10	-1.10	0.25	0.44	2.89	2.09	0.68	-2.15	-1.23	1.55	1.24	-0.71	-0.64	-0.36	-0.76	1.16	1.84	2.45	3.63	-0.35	-2.38	2.80	0.84
0.01	-0.66	0.99	-0.29	-0.36	0.01	0.77	-1.18	-0.66	1.33	0.00	-1.38	1.52	0.58	0.95	-0.46	-0.59	-0.33	-1.36	1.36	-0.41	0.15	-0.90	-0.47	-1.06	1.03	0.59	-1.06	0.28	0.36	-1.60	-1.48	0.69	-0.51	0.93	0.36	0.05	-1.28	1.37	-0.19	0.84
-0.14	0.02	1.19	-1.30	-0.57	0.14	1.51	-0.82	-1.08	0.22	1.67	1.23	-1.20	-1.03	-0.63	-0.40	-0.60	-0.43	0.35	-0.35	-0.06	-0.60	-1.04	-0.86	0.76	0.79	-0.66	-1.43	0.98	-0.72	0.55	-0.74	1.06	-0.97	0.11	-0.13	-0.38	0.02	-0.69	0.69	0.84
0.42	-0.58	0.31	0.41	0.72	-0.76	-0.64	1.15	0.06	-0.09	-0.53	0.66	0.05	-0.66	-0.76	1.72	0.15	-0.24	0.50	-0.50	0.18	-0.04	0.97	-0.14	1.19	-0.90	-1.12	0.53	-0.48	-1.30	0.50	0.82	-0.15	0.04	-0.65	-0.85	-0.73	0.54	-0.03	-0.48	-1.19
0.85	-0.43	-1.40	1.01	0.55	-0.62	0.56	0.30	-0.58	-0.22	0.92	1.40	-1.10	-0.92	-1.06	-0.37	-0.35	-0.43	2.07	-2.07	2.05	-2.07	-0.87	-0.88	1.78	-1.27	-1.55	-0.97	-0.05	-1.58	1.79	-1.27	0.99	-0.82	1.21	1.44	1.17	1.01	-1.32	0.39	-1.19
-0.35	0.17	1.26	-0.19	-0.57	0.29	0.67	-0.61	-0.29	-0.08	0.78	0.59	0.13	-0.83	-0.60	-0.37	-0.58	-0.40	-0.28	0.28	-0.24	0.63	-0.90	-0.74	0.12	0.67	-0.11	-1.32	0.53	-0.14	0.63	0.14	0.84	-0.76	0.17	0.04	-0.03	0.12	-0.29	0.18	0.84
-0.64	0.85	-1.20	0.11	0.38	-0.58	-0.51	1.03	0.38	-1.05	0.15	0.83	-0.23	-0.45	-0.99	-0.42	-0.45	-0.35	-0.06	0.06	0.04	-1.16	-0.65	-0.62	-0.07	-0.04	-0.66	-0.73	-1.06	-0.52	1.65	0.02	0.58	-0.48	0.84	0.83	0.67	1.53	-1.16	-0.27	0.84
-0.48	-1.11	-0.24	0.01	0.68	-0.76	-1.07	0.81	0.93	-0.85	-0.74	-0.13	1.45	-0.10	-0.74	0.99	0.32	-0.10	0.55	-0.55	-0.09	0.40	0.78	0.07	1.29	-0.08	-0.29	0.50	-0.68	-0.43	0.71	1.08	-0.57	0.46	-0.26	-0.14	-0.16	0.73	-0.07	-0.62	0.84
-0.19	0.25	0.58	-0.49	-0.79	0.57	-0.88	0.04	1.25	-1.14	-0.51	-0.78	1.40	1.05	-0.31	-0.41	0.00	-0.09	-0.14	0.14	-0.19	-0.64	-0.41	-0.03	-0.72	0.60	1.15	-0.28	-0.62	1.16	0.54	0.89	-0.26	0.32	0.58	0.53	0.45	0.54	0.20	-0.72	0.84
-0.47	-0.36	-0.10	-0.49	0.33	-0.60	-0.32	0.50	0.23	-0.44	-0.06	1.04	-0.40	-0.94	-0.92	0.06	-0.17	-0.34	0.77	-0.77	0.22	-0.61	-0.12	-0.46	0.90	-0.69	-0.90	-0.23	-0.30	-0.84	0.85	0.63	0.40	-0.37	-0.16	-0.06	-0.04	0.68	-0.36	-0.28	0.84
-0.45	0.32	0.92	0.51	0.38	-0.55	-0.44	-0.00	0.19	0.55	-0.88	0.78	-0.29	-0.90	-0.57	0.02	-0.23	-0.18	-0.73	0.73	-0.22	0.72	0.52	-0.04	0.81	-0.21	-0.34	0.58	0.12	-0.29	-0.88	0.57	-0.12	0.04	-0.33	-0.39	-0.39	-0.54	1.13	-0.66	-1.19
-0.64	0.85	0.17	-0.29	0.16	-0.47	0.00	-0.95	0.04	1.08	-0.81	-0.95	0.78	0.83	0.57	-0.31	-0.47	-0.10	-1.45	1.45	-0.39	0.50	-0.26	0.04	-0.89	0.63	0.91	-0.16	0.62	0.63	-1.39	0.69	-0.12	-0.02	-0.81	-0.84	-0.89	-1.21	1.79	-0.69	0.84
-0.37	0.47	-1.26	2.42	1.24	-0.87	0.51	-0.12	-0.85	1.10	0.03	0.52	-0.09	-0.85	-0.30	-0.10	-0.25	-0.35	0.60	-0.60	0.03	0.16	-0.24	-0.41	1.03	0.21	-0.37	-0.40	0.74	-0.20	-0.22	0.18	0.50	-0.50	-0.69	-0.42	-0.34	-0.59	0.18	0.38	-1.19
-0.65	0.77	0.78	-0.29	-1.14	1.29	0.00	0.86	-0.62	0.50	-0.08	1.13	-0.80	-1.03	-0.74	0.29	-0.24	-0.34	0.58	-0.58	0.14	0.99	0.51	-0.33	1.31	-0.75	-1.09	0.30	0.36	-1.13	0.23	0.55	0.38	-0.27	0.84	0.71	0.65	-0.04	-0.11	0.15	-1.19
-0.34	0.10	0.51	0.01	0.42	-0.62	-0.21	-0.17	0.16	0.29	-0.47	0.14	0.66	-0.69	-0.26	-0.30	-0.01	-0.17	-0.30	0.30	-0.15	0.94	0.14	0.02	0.40	0.08	0.10	0.17	0.22	0.47	-0.32	0.23	-0.17	-0.02	-1.05	-0.96	-1.05	-0.36	0.52	-0.19	0.84
1.94	-0.66	0.92	-1.10	1.29	-1.09	0.25	-1.05	-0.32	1.54	-0.77	-1.25	1.83	0.14	0.77	-0.43	-0.47	-0.13	-1.53	1.53	-0.39	0.25	-0.47	0.05	-1.06	-0.19	0.88	-0.51	0.88	1.21	-1.44	-0.13	-0.00	-0.08	-0.59	-1.03	-1.10	-1.43	1.68	-0.37	0.84
0.58	-0.28	-0.79	1.41	1.07	-0.86	-1.32	1.77	0.78	-1.07	-0.73	-0.04	0.60	0.41	-0.61	1.46	2.89	0.31	1.08	-1.08	0.34	0.54	1.72	0.78	1.00	-0.39	-0.58	1.28	-1.09	-0.33	1.31	0.63	-1.19	1.49	1.59	1.46	1.73	1.08	-0.51	-0.52	-1.19
0.62	-0.66	-0.79	0.71	0.68	-0.71	-0.22	0.30	0.21	-0.39	0.00	0.78	-0.44	-0.47	-0.75	-0.14	-0.28	-0.36	0.58	-0.58	0.26	0.26	-0.26	-0.50	0.71	-0.28	-0.53	-0.10	-0.07	-0.37	0.57	0.56	0.50	-0.40	0.55	0.62	0.45	0.44	-0.43	0.02	-1.19
-0.60	0.40	-0.38	-1.10	1.33	-1.10	0.50	-1.05	-0.18	0.58	0.10	-1.07	1.10	0.24	0.92	-0.40	-0.49	-0.29	-0.87	0.87	-0.34	-0.27	-0.76	-0.28	-0.74	0.86	0.89	-0.53	0.77	1.08	-0.64	-0.33	0.48	-0.50	-0.21	-0.56	-0.72	-0.80	0.38	0.37	0.84
-0.25	-0.21	-0.65	1.01	1.59	-1.08	0.64	0.23	-1.40	1.80	-0.12	-0.75	-0.17	0.14	1.33	8.21	3.74	1.81	0.04	-0.04	-0.13	2.43	5.13	2.93	0.78	-0.49	-0.07	2.29	1.25	-0.18	-1.08	0.00	-2.09	1.95	0.30	0.03	0.01	-0.94	-0.51	1.43	-1.19
-0.56	0.10	0.58	-0.29	0.68	-0.78	-0.37	0.13	0.63	-0.92	0.06	-0.69	0.73	0.92	0.09	-0.20	-0.30	0.02	-0.88	0.88	-0.30	0.67	-0.17	0.12	-1.01	0.71	0.88	-0.21	-0.13	0.86	0.63	0.42	-0.27	0.21	-0.32	-0.18	-0.24	0.43	-0.41	0.01	0.84
-0.13	0.32	-1.33	2.02	3.93	-1.50	-0.51	-0.21	0.49	0.23	-0.84	-0.59	1.43	0.08	-0.04	-0.06	0.29	0.50	-0.68	0.68	-0.29	-0.11	0.54	0.63	-0.42	0.24	0.66	0.32	-0.26	0.52	-0.04	0.66	-0.99	0.63	-1.19	-1.10	-1.03	-0.18	0.68	-0.54	-1.19
0.23	-0.06	-1.40	1.31	1.20	-0.92	2.18	-0.65	-1.61	-0.23	2.83	1.77	-2.24	-1.29	-0.66	-0.46	-0.60	-0.45	1.20	-1.20	0.73	-2.29	-1.24	-0.99	0.82	-0.96	-1.28	-1.88	1.12	-1.36	1.04	-4.05	1.21	-1.16	-1.63	-1.78	-1.61	0.82	-1.83	1.11	-1.19
0.08	-0.13	0.51	-0.19	-0.79	0.61	0.56	-0.47	-0.16	-0.32	0.80	0.28	0.18	-0.53	-0.27	-0.43	-0.43	-0.38	0.37	-0.37	-0.09	-1.14	-0.88	-0.62	0.14	0.54	0.33	-1.00	0.62	0.55	0.51	0.32	0.78	-0.66	0.66	0.56	0.31	0.10	-0.47	0.40	0.84
2.64	-2.62	0.51	-2.90	-0.88	0.31	0.17	1.08	-0.76	0.20	0.36	0.89	-0.90	-1.03	-0.25	2.55	0.61	-0.18	1.10	-1.10	0.37	-0.82	1.50	0.32	1.54	-1.55	-1.29	0.89	0.81	-1.17	0.32	0.43	0.08	0.05	0.81	1.21	1.58	0.28	-1.39	1.17	0.84
-0.65	0.93	0.85	1.01	-0.43	0.25	-0.37	0.98	0.06	-0.49	0.01	1.06	-0.73	-0.89	-0.75	-0.21	0.15	-0.31	1.01	-1.01	0.34	1.13	0.73	-0.23	0.51	-0.42	-0.99	0.33	-0.06	-0.86	0.97	0.63	0.16	-0.07	0.73	0.52	0.56	0.65	-0.65	0.05	-1.19
-0.40	0.32	0.92	-0.29	0.33	-0.58	0.31	-0.89	-0.56	1.79	-0.78	-1.24	0.06	1.19	1.35	-0.09	-0.26	0.02	-1.35	1.35	-0.41	-0.30	-0.27	0.25	-1.12	1.41	1.51	-0.40	0.86	1.34	-1.64	0.46	-0.06	-0.03	-0.72	-0.67	-0.68	-1.48	1.63	-0.27	0.84
-0.59	0.17	-0.04	-0.70	-0.68	0.37	-1.78	2.14	1.19	-1.49	-1.01	0.18	0.86	0.07	-0.97	0.36	0.82	-0.15	1.11	-1.11	0.46	-0.00	0.58	-0.06	0.90	-0.28	-0.56	0.43	-2.21	-0.55	1.27	0.88	-0.69	0.42	-1.00	-1.19	-1.26	1.58	-0.32	-1.19	0.84
-0.36	-0.36	-0.92	2.02	0.98	-0.78	-1.14	1.57	0.80	-1.31	-0.40	0.48	0.07	-0.20	-0.76	-0.21	0.22	-0.14	1.04	-1.04	0.14	-0.60	0.23	-0.07	0.56	-0.51	-0.51	0.25	-1.29	-0.22	1.47	0.34	-0.11	0.41	1.78	1.45	1.26	1.23	-0.77	-0.38	-1.19
-0.53	-0.28	-0.10	1.01	0.40	-0.52	-1.23	-0.01	1.57	-1.07	-1.02	-0.65	1.01	1.18	-0.34	0.44	0.46	0.26	-0.39	0.39	-0.27	0.13	0.77	0.47	-0.54	-0.13	0.43	0.40	-1.01	0.51	-0.15	0.74	-1.08	1.10	0.37	0.45	0.43	0.32	0.81	-1.15	-1.19
-0.62	0.62	-1.54	1.01	-0.49	0.33	-0.16	-0.62	-0.05	1.29	-1.07	-1.60	-0.78	2.38	1.82	2.24	2.18	3.02	-1.03	1.03	-0.37	0.68	2.45	3.06	-1.02	0.86	1.31	1.01	0.41	1.06	-1.22	-0.07	-2.78	3.30	1.80	2.05	2.06	-1.17	1.39	-0.31	-1.19
-0.49	-0.21	0.31	0.41	-0.23	-0.05	-0.09	1.75	-0.76	-0.04	0.31	1.95	-2.09	-0.93	-1.30	-0.15	-0.36	-0.42	1.92	-1.92	0.73	0.04	0.24	-0.68	1.89	-2.84	-2.59	0.03	-0.63	-2.85	1.70	-0.59	0.59	-0.52	0.10	-0.13	-0.32	1.39	-1.16	-0.14	-1.19
-0.24	0.40	-1.06	1.41	-0.14	-0.03	-1.33	0.42	1.65	-1.55	-0.79	-0.40	0.76	1.00	-0.48	-0.11	-0.35	-0.13	-0.88	0.88	-0.36	-0.20	-0.13	-0.13	-0.94	-0.20	0.19	-0.20	-1.72	0.30	0.32	1.14	-0.50	0.11	-2.01	-1.64	-1.42	1.05	0.22	-1.23	-1.19
2.65	-3.00	-1.61	0.31	5.18	-1.64	0.33	2.65	-1.22	-1.00	1.60	1.81	-1.68	-1.17	-1.20	-0.25	0.22	-0.44	2.71	-2.71	13.77	-2.24	-0.40	-0.76	2.37	-2.84	-1.84	-0.25	-0.40	-2.12	1.77	-0.68	0.78	-0.78	-1.40	-0.84	-0.51	2.03	-3.03	1.20	0.84
-0.55	-0.06	0.65	-1.50	-0.76	0.36	-0.79	0.16	1.08	-1.07	-0.40	-0.60	1.16	0.83	-0.30	-0.35	-0.42	-0.20	-0.84	0.84	-0.37	0.56	-0.36	-0.23	-0.77	0.77	0.70	-0.41	-0.49	0.60	0.82	0.75	0.00	0.01	0.02	0.16	0.04	0.68	-0.03	-0.62	0.84
-0.29	-0.06	1.26	-0.09	-0.88	0.78	-0.69	1.75	0.03	-0.60	-0.18	1.99	-2.03	-1.12	-1.31	0.56	-0.32	-0.36	1.04	-1.04	0.13	0.93	1.06	-0.42	1.69	-2.26	-2.25	0.71	-1.12	-2.27	1.46	0.10	0.18	-0.15	0.37	0.01	-0.11	1.39	-0.87	-0.44	-1.19
1.94	-0.51	1.74	-0.80	-0.18	-0.23	1.98	-1.11	-1.50	0.50	2.07	0.68	-0.80	-1.02	0.03	-0.46	-0.64	-0.44	-0.57	0.57	-0.30	-0.94	-1.23	-0.93	-0.03	-0.24	-0.42	-1.87	1.22	-0.71	-0.36	-2.48	1.21	-1.08	0.88	0.56	0.25	-0.67	-0.26	0.91	0.84
-0.50	0.25	0.31	0.51	1.55	-1.09	-1.01	0.86	0.98	-1.17	-0.48	-0.88	-0.09	1.96	0.35	-0.24	1.16	2.78	-1.34	1.34	-0.44	-0.62	1.37	2.15	-1.66	0.20	0.66	0.83	-1.03	0.91	0.78	0.07	-2.12	3.26	3.00	3.41	3.58	0.65	-0.30	-0.31	0.84
-0.63	0.62	0.78	0.01	-0.41	0.11	0.40	-0.35	-0.13	-0.16	0.53	0.49	0.03	-0.54	-0.53	-0.33	-0.53	-0.36	0.05	-0.05	-0.25	-0.08	-0.43	-0.53	0.33	-0.06	-0.39	-0.55	0.45	-0.34	0.38	0.43	0.59	-0.54	-0.04	-0.04	-0.13	0.14	-0.21	0.09	0.84
-0.61	0.55	-0.38	0.51	-0.44	0.21	-2.16	1.40	2.18	-2.18	-1.30	-0.37	1.07	1.10	-0.83	0.17	1.68	0.53	0.40	-0.40	-0.22	0.29	1.27	0.72	-0.28	-0.15	0.20	0.81	-2.30	0.23	1.04	0.65	-1.98	1.86	0.21	0.53	0.64	1.45	0.16	-1.56	-1.19
-0.64	0.70	0.17	-0.19	-0.70	0.47	0.31	0.28	-0.27	-0.41	0.70	0.32	0.16	-0.53	-0.33	-0.34	-0.29	-0.33	0.83	-0.83	-0.08	-0.16	-0.46	-0.35	0.40	-0.43	-0.03	-0.27	0.43	0.23	0.67	0.24	0.53	-0.30	1.63	1.91	2.08	0.18	-0.82	0.67	0.84
0.67	0.10	-0.24	1.31	0.90	-0.78	-0.59	0.22	0.28	0.40	-0.94	0.06	0.61	-0.17	-0.44	1.19	0.23	-0.15	0.36	-0.36	-0.04	0.17	1.11	0.04	0.62	-0.33	-0.53	0.89	0.11	-0.60	-0.27	0.98	-0.33	0.20	-0.53	-0.55	-0.54	-0.30	0.81	-0.56	-1.19
-0.46	0.55	-0.65	-0.90	1.24	-1.06	-1.48	0.10	1.93	-1.54	-1.06	-0.64	1.42	0.90	-0.48	-0.30	-0.19	-0.11	-0.44	0.44	-0.25	-0.96	-0.35	-0.15	-0.65	-0.09	0.43	-0.03	-1.72	0.46	0.08	0.72	-0.33	0.13	-0.85	-1.17	-1.19	0.78	0.66	-1.43	0.84
-0.63	0.10	0.03	-0.19	0.03	-0.35	-1.26	0.15	1.70	-1.53	-0.77	-0.72	2.21	0.68	-0.74	-0.16	-0.43	-0.03	-1.42	1.42	-0.40	-0.01	-0.16	-0.09	-1.14	-0.02	0.52	-0.22	-1.58	0.43	0.40	0.70	-0.45	0.25	-0.86	-0.99	-0.97	0.99	0.17	-1.13	0.84
-0.64	0.85	0.17	2.02	0.30	-0.37	-0.86	1.57	0.28	-0.63	-0.42	1.23	-1.10	-0.40	-1.10	0.95	1.15	-0.19	1.36	-1.36	0.68	0.80	1.29	0.08	1.08	-1.83	-1.77	0.79	-0.85	-1.77	1.43	0.62	-0.38	0.38	0.24	0.33	0.67	1.17	-0.66	-0.44	-1.19
-0.60	0.55	1.67	0.41	0.21	-0.43	0.12	1.06	-0.39	-0.62	0.74	0.81	-0.13	-0.57	-0.95	-0.44	-0.48	-0.43	1.85	-1.85	1.20	0.26	-1.00	-0.86	1.12	0.20	-0.88	-1.07	-0.29	-0.94	1.89	0.03	0.87	-0.85	-0.75	-1.14	-1.40	1.65	-1.68	0.15	-1.19
1.44	-0.81	1.81	-0.29	-0.23	-0.13	-0.76	2.85	-0.59	-0.26	-0.19	1.71	-1.49	-1.16	-1.17	0.17	0.05	-0.40	1.83	-1.83	1.63	-0.23	0.28	-0.54	1.90	-1.48	-1.73	0.53	-1.06	-1.78	1.51	0.54	0.41	-0.37	0.23	-0.01	-0.01	1.57	-1.37	-0.08	-1.19
-0.24	0.32	0.78	-0.90	0.55	-0.76	0.62	-0.86	-0.96	2.04	-0.51	-1.17	0.86	0.26	1.26	-0.04	-0.31	-0.07	-0.98	0.98	-0.38	2.28	-0.04	0.31	-0.07	1.53	1.27	0.19	1.25	1.28	-1.31	0.23	0.06	0.04	0.74	0.74	0.84	-1.44	0.85	0.51	-1.19
0.06	-0.66	-1.47	-0.00	0.00	-0.31	-2.19	3.06	1.39	-2.18	-0.96	0.14	0.56	0.78	-1.14	0.65	1.01	-0.08	1.07	-1.07	0.82	-0.33	0.76	-0.06	0.95	-1.33	-0.95	0.49	-3.13	-1.04	1.70	0.23	-0.67	0.73	0.77	0.80	0.82	2.30	-0.94	-1.24	-1.19
2.65	-0.06	0.37	-1.20	-1.35	1.66	0.44	-0.60	-0.68	1.43	-0.34	-0.36	0.47	-0.32	0.49	1.00	0.10	0.05	-0.03	0.03	-0.15	-0.27	0.91	0.44	0.68	-0.06	0.08	0.84	1.09	-0.03	-0.81	0.48	-0.30	0.13	-0.71	-0.94	-0.98	-0.99	0.48	0.45	0.84
2.61	-2.85	1.06	-0.09	0.54	-0.70	1.77	-0.91	-1.11	-0.24	2.24	2.12	-2.55	-1.30	-1.04	-0.47	-0.64	-0.44	0.23	-0.23	-0.26	-1.80	-1.23	-1.00	0.57	-0.92	-1.36	-1.93	1.07	-1.68	1.06	-3.57	1.19	-1.11	-0.73	-0.92	-0.99	0.93	-1.37	0.53	-1.19
-0.65	0.85	0.78	0.01	-0.66	0.44	-0.55	0.00	0.59	-0.20	-0.61	0.74	-0.42	-0.58	-0.62	-0.09	-0.25	-0.13	-0.11	0.11	-0.31	0.78	1.11	0.09	-0.11	-0.96	-0.80	0.64	-0.09	-0.77	0.24	0.66	-0.19	0.32	1.05	0.42	0.23	-0.01	0.54	-0.55	-1.19
2.65	-1.94	1.19	-1.60	-1.05	0.85	-0.23	-0.31	0.57	-0.49	-0.11	0.69	0.04	-0.73	-0.76	-0.40	-0.54	-0.29	-0.56	0.56	-0.33	-0.89	-0.50	-0.47	-0.57	0.31	-0.31	-0.50	-0.27	-0.21	0.57	0.51	0.42	-0.34	0.51	0.26	0.04	0.32	0.29	-0.62	0.84
0.09	-1.49	0.24	0.31	0.81	-0.81	0.11	-0.06	0.24	-0.79	0.56	0.05	0.91	-0.18	-0.62	-0.47	-0.61	-0.41	-0.80	0.80	-0.35	-1.38	-1.19	-0.87	-0.62	0.31	-0.11	-1.74	-0.71	-0.41	1.02	-0.52	0.85	-0.86	-0.98	-0.92	-0.87	1.59	-0.94	-0.55	0.84
0.55	-0.28	1.06	-2.90	-0.49	-0.18	-0.86	1.20	0.40	-0.48	-0.58	0.61	-0.15	-0.32	-0.74	0.77	0.56	-0.29	1.63	-1.63	0.49	0.32	0.81	-0.14	1.08	-1.15	-0.90	0.48	-0.72	-0.89	0.89	1.03	-0.27	0.04	-1.27	-1.25	-1.43	0.89	-0.47	-0.37	0.84
0.24	0.02	-0.58	-0.29	0.38	-0.61	-1.05	0.16	1.21	-0.78	-0.91	0.02	0.52	0.04	-0.42	0.70	1.43	0.69	0.01	-0.01	-0.27	0.21	1.31	0.89	-0.05	0.15	0.25	0.71	-0.61	0.24	0.29	0.93	-1.54	1.37	-0.01	-0.30	-0.46	0.31	0.65	-0.98	0.84
2.65	-0.81	-0.04	-1.00	0.85	-0.92	0.33	-0.49	-0.08	0.05	0.29	0.56	0.14	-0.82	-0.55	-0.34	-0.54	-0.38	0.33	-0.33	-0.21	-0.40	-0.59	-0.64	0.71	-0.09	-0.58	-0.69	0.23	-0.67	0.27	0.43	0.67	-0.69	-1.10	-1.14	-1.16	0.10	-0.03	-0.07	0.84
-0.43	0.25	0.31	-0.80	0.38	-0.65	-0.86	0.19	0.75	-0.11	-1.02	-0.15	0.70	0.17	-0.35	0.41	0.48	0.09	0.03	-0.03	-0.25	0.02	0.72	0.40	-0.03	0.20	0.19	0.45	-0.59	0.25	-0.12	0.65	-0.60	0.84	1.27	0.93	0.89	-0.04	0.92	-0.92	0.84
-0.61	0.62	0.78	-1.70	-0.79	0.38	0.71	-0.60	-0.55	0.48	0.52	0.33	0.22	-0.80	-0.23	-0.16	-0.47	-0.38	0.63	-0.63	-0.16	-0.90	-0.57	-0.55	0.68	0.42	-0.15	-0.64	0.90	-0.19	0.14	0.47	0.71	-0.63	0.18	-0.01	-0.19	-0.39	-0.07	0.45	0.84
-0.21	-0.28	-0.45	-1.30	0.90	-0.95	0.43	-0.45	-0.19	0.01	0.45	0.77	-0.29	-0.80	-0.63	-0.43	-0.55	-0.41	0.47	-0.47	-0.17	-1.68	-0.90	-0.76	0.20	0.92	-0.33	-1.18	0.15	-0.36	0.74	0.03	0.84	-0.77	-0.09	-0.29	-0.33	0.32	-0.10	-0.21	0.84
1.39	-2.40	0.65	-1.00	-0.18	-0.25	1.44	-0.70	-0.98	-0.05	1.76	1.40	-1.50	-1.07	-0.70	-0.40	-0.61	-0.43	0.09	-0.09	-0.21	-1.58	-0.71	-0.86	0.27	-1.86	-1.59	-0.99	0.92	-2.04	0.78	-1.82	1.07	-0.91	1.09	0.96	0.77	0.22	-1.07	0.90	0.84
2.65	-3.15	0.65	-0.49	1.16	-1.01	-0.63	2.37	-0.48	-0.25	-0.14	1.84	-1.78	-1.17	-1.18	0.28	0.13	-0.40	1.78	-1.78	1.15	-0.46	0.80	-0.52	1.60	-2.54	-1.99	0.50	-0.89	-2.26	1.34	0.33	0.38	-0.30	0.13	0.38	0.41	1.27	-0.98	-0.20	0.84
-0.44	-0.89	0.65	-0.49	-0.01	-0.35	-0.38	-1.08	0.52	0.92	-1.25	-1.94	-0.50	3.03	1.80	-0.12	0.04	1.06	-1.58	1.58	-0.44	1.82	0.66	1.48	-1.62	1.55	1.92	0.72	0.48	1.73	-1.51	0.43	-1.98	1.52	-0.80	-0.55	-0.57	-1.37	2.05	-0.80	0.84
-0.65	0.93	-1.26	0.51	-0.23	-0.04	-0.90	0.17	0.87	-0.30	-0.97	-0.05	0.69	-0.06	-0.36	0.04	0.28	0.17	0.02	-0.02	-0.30	-0.04	0.85	0.54	-0.21	0.75	0.34	0.64	-0.37	0.45	0.19	0.91	-0.93	0.84	-0.03	0.06	0.01	0.05	0.71	-0.79	-1.19
0.13	-0.21	1.06	-0.39	-0.57	0.26	2.39	-0.32	-1.84	-0.59	3.39	2.14	-3.23	-1.33	-0.57	-0.48	-0.65	-0.45	-0.10	0.10	-0.26	-1.80	-1.34	-1.06	-0.01	-2.05	-1.71	-2.35	1.61	-2.28	0.63	-8.02	1.36	-1.23	0.30	0.14	-0.08	0.45	-1.93	1.57	0.84
-0.57	0.55	0.17	-0.90	-0.52	0.12	0.43	-0.08	-0.29	-0.19	0.65	1.29	-0.96	-1.09	-0.86	-0.33	-0.45	-0.39	0.77	-0.77	-0.06	-0.32	-0.60	-0.64	0.74	0.24	-0.71	-0.83	0.28	-0.65	0.71	-0.06	0.69	-0.62	0.25	0.16	0.24	0.40	-0.48	0.11	0.84
0.58	-0.74	1.53	0.11	-0.05	-0.25	0.86	0.14	-0.92	0.13	1.08	1.36	-1.14	-1.19	-0.79	-0.22	-0.55	-0.41	0.63	-0.63	-0.15	-0.39	-0.50	-0.68	1.19	-1.25	-0.96	-0.64	0.70	-0.92	0.45	0.26	0.74	-0.79	-1.63	-1.52	-1.38	0.25	-0.85	0.64	0.84
-0.54	0.62	0.37	-1.50	-1.27	1.35	1.69	-1.09	-1.44	1.04	1.38	0.07	0.09	-0.90	0.39	-0.45	-0.61	-0.43	0.42	-0.42	-0.09	-0.70	-1.18	-0.80	0.32	1.64	0.16	-1.34	0.60	0.22	-0.88	-0.77	1.16	-0.97	2.42	1.93	1.44	-1.12	-0.15	1.22	0.84
1.81	-1.87	-0.10	-0.90	0.98	-0.96	0.33	0.20	-0.31	-0.25	0.62	1.12	-0.35	-1.02	-1.04	-0.33	-0.58	-0.39	-0.05	0.05	-0.08	-0.74	-0.58	-0.70	0.27	-1.05	-0.89	-0.63	-0.28	-0.94	1.02	-0.57	0.75	-0.70	-0.27	-0.25	-0.20	0.77	-0.84	0.13	0.84
2.24	-1.72	0.10	-0.19	1.59	-1.14	-1.08	2.18	0.08	-0.38	-0.70	-0.06	-0.40	0.94	-0.20	7.29	9.41	1.51	1.51	-1.51	0.22	-0.15	4.42	2.03	1.51	-2.65	-0.82	2.23	-0.44	-1.25	0.84	0.93	-2.97	2.73	0.14	-1.02	-1.19	1.03	-1.00	0.05	-1.19
0.91	-0.81	0.31	1.82	0.33	-0.41	0.53	-0.47	-0.53	0.68	0.21	0.34	-0.03	-0.59	-0.20	-0.19	-0.45	-0.34	-0.02	0.02	-0.26	0.01	-0.35	-0.43	0.58	0.13	-0.38	-0.15	0.82	-0.23	-0.30	0.16	0.57	-0.47	0.64	0.61	0.57	-0.70	0.27	0.39	-1.19
0.45	-3.30	0.44	-1.50	-0.83	0.48	-0.72	-0.58	1.45	-1.26	-0.38	-1.00	1.09	1.17	0.22	-0.39	-0.47	-0.06	-1.40	1.40	-0.44	-0.91	-0.46	0.08	-1.70	0.54	1.00	-0.11	-0.34	1.08	0.03	0.19	-0.19	0.14	-0.02	-0.00	-0.07	0.12	0.41	-0.54	0.84
-0.60	0.55	-0.17	-1.00	-0.96	0.79	-0.39	0.32	0.46	-0.65	-0.08	0.22	0.56	-0.25	-0.62	-0.31	-0.29	-0.34	0.85	-0.85	0.06	-0.11	-0.40	-0.47	0.46	-0.40	-0.26	-0.47	-0.64	-0.27	0.75	0.52	0.25	-0.35	-1.06	-0.85	-0.78	0.75	-0.31	-0.40	0.84
0.56	-0.81	0.44	1.41	1.16	-0.90	0.36	1.17	-0.74	-0.44	0.99	1.83	-1.90	-1.20	-1.06	-0.30	-0.56	-0.44	1.47	-1.47	0.69	-0.10	-0.71	-0.86	1.81	-0.85	-1.64	-0.82	-0.54	-1.66	1.28	-0.73	1.00	-0.82	1.84	1.64	1.53	1.07	-1.50	0.53	-1.19
-0.07	-0.28	-0.31	-0.49	-0.31	-0.06	-1.02	1.00	0.97	-1.30	-0.39	1.21	-0.49	-0.92	-1.17	-0.14	-0.50	-0.37	0.06	-0.06	-0.10	-1.43	-0.31	-0.70	0.89	-2.01	-1.63	-0.19	-1.95	-1.80	1.10	0.26	0.55	-0.58	-0.66	-0.87	-0.87	1.73	-0.64	-1.00	0.84
1.82	-0.89	-0.31	1.21	1.18	-0.92	-0.48	-0.22	0.85	-0.76	-0.26	0.29	0.31	-0.51	-0.40	-0.29	-0.33	-0.25	0.10	-0.10	-0.27	-1.19	-0.21	-0.29	0.05	-0.21	-0.12	0.04	-0.26	0.04	0.32	0.60	0.32	-0.16	1.00	0.63	0.37	0.21	0.17	-0.38	-1.19
2.64	-1.87	-0.79	2.02	4.27	-1.53	0.62	-0.34	-0.55	0.36	0.53	0.95	-0.89	-0.83	-0.50	-0.33	-0.56	-0.38	0.66	-0.66	0.01	-1.26	-0.79	-0.65	0.78	-0.31	-0.48	-0.70	0.35	-0.32	-0.06	-0.17	0.82	-0.67	0.79	0.60	0.23	-0.37	0.17	0.18	-1.19
-0.34	0.40	0.17	0.41	-0.31	0.04	-0.54	-0.06	0.61	-0.19	-0.62	-0.36	0.52	0.49	-0.06	0.57	0.51	0.22	-0.03	0.03	-0.20	0.01	0.87	0.59	-0.15	0.21	0.34	0.56	0.06	0.17	0.21	0.73	-0.96	0.75	-0.32	-0.20	-0.23	-0.09	0.52	-0.45	0.84
2.48	-2.40	1.12	-1.30	0.51	-0.77	2.35	-0.65	-2.01	0.38	2.72	-0.10	-1.57	-0.97	1.92	0.25	-0.54	-0.32	-0.79	0.79	-0.38	1.61	0.01	0.11	0.76	-0.63	-0.49	0.04	1.30	0.01	-1.36	-2.00	0.76	-0.81	-1.69	-1.94	-2.34	-1.20	-1.93	3.15	0.84
0.93	-1.79	0.51	0.91	0.38	-0.51	-0.48	0.89	0.24	-0.61	-0.08	1.24	-0.90	-0.79	-1.01	0.76	-0.26	-0.31	0.43	-0.43	-0.05	-0.19	0.64	-0.31	1.12	-1.55	-1.12	0.43	-0.40	-1.21	0.68	0.15	0.20	-0.07	0.82	0.95	1.01	0.65	-0.54	-0.06	-1.19
0.15	-0.66	-1.13	1.31	0.51	-0.57	-1.56	2.37	0.88	-1.52	-0.65	1.52	-1.02	-0.87	-1.37	0.82	0.29	-0.26	1.39	-1.39	0.14	-1.06	0.71	-0.33	1.28	-1.91	-1.75	0.33	-2.46	-1.65	2.03	0.07	-0.04	0.24	1.10	1.58	1.71	2.04	-0.95	-0.97	-1.19
-0.53	-0.58	0.37	1.71	0.85	-0.74	1.23	-0.08	-1.62	1.29	0.88	0.70	-0.84	-0.97	-0.00	0.02	-0.51	-0.38	0.20	-0.20	-0.17	0.56	-0.15	-0.45	1.32	-1.37	-1.28	-0.16	1.04	-1.05	-0.79	-1.51	0.75	-0.62	0.75	0.87	0.90	-0.84	-0.35	1.17	-1.19
-0.62	0.62	0.58	-1.00	-1.57	2.42	1.00	-0.21	-0.61	-0.55	1.56	-0.20	0.16	-0.40	0.48	-0.37	-0.52	-0.38	0.25	-0.25	-0.19	-0.71	-0.79	-0.52	-0.03	0.84	0.20	-0.55	1.07	0.37	0.28	0.21	0.82	-0.74	-0.00	-0.16	-0.24	-0.07	-1.33	1.45	0.84
2.00	-3.08	0.17	0.31	0.68	-0.74	-0.48	0.14	0.47	-0.21	-0.49	0.35	0.57	-0.35	-0.79	0.52	-0.13	-0.30	0.47	-0.47	-0.13	-0.63	-0.02	-0.36	0.80	-1.18	-0.49	0.08	-0.57	-0.55	0.20	0.59	0.23	-0.17	0.06	-0.26	-0.42	0.37	0.24	-0.60	0.84
-0.62	0.47	0.85	-0.39	-0.75	0.51	-0.78	0.52	0.82	-0.87	-0.43	1.34	-0.91	-0.83	-1.15	0.19	-0.55	-0.38	-0.15	0.15	-0.29	0.07	-0.13	-0.66	0.99	-1.41	-1.46	-0.13	-1.17	-1.51	0.75	0.62	0.51	-0.55	-0.88	-0.85	-0.88	1.08	-0.27	-0.76	-1.19
1.03	-1.11	1.40	-0.19	0.47	-0.66	1.51	-1.04	-0.90	0.03	1.71	0.74	-0.53	-0.99	-0.28	-0.42	-0.61	-0.43	0.27	-0.27	-0.22	-0.92	-0.92	-0.81	0.37	0.73	-0.60	-1.02	1.20	-0.67	0.21	-0.68	1.07	-0.95	0.48	0.22	-0.01	-0.41	-0.60	1.01	-1.19
0.25	-0.81	0.10	-0.70	1.76	-1.21	0.64	-0.18	-0.54	0.06	0.77	1.11	-0.98	-0.88	-0.68	-0.33	-0.49	-0.41	1.06	-1.06	0.12	-1.23	-0.62	-0.67	0.94	-0.20	-0.88	-0.57	0.60	-0.77	0.32	0.09	0.82	-0.79	-0.87	-0.75	-0.79	0.14	-0.58	0.46	0.84
1.38	-1.34	-0.92	1.71	3.71	-1.48	1.53	0.73	-1.80	0.05	2.14	0.33	-1.39	-0.73	0.89	2.29	0.90	-0.31	2.01	-2.01	0.84	-0.33	1.57	0.40	1.67	-1.92	-1.20	0.95	1.48	-1.36	-1.18	-1.09	0.24	-0.14	0.63	0.49	0.40	-0.62	-2.26	2.93	-1.19
0.88	-0.28	1.19	0.11	0.31	-0.54	0.69	-0.79	-0.80	1.37	-0.03	-0.63	0.45	-0.17	0.87	0.34	-0.26	0.00	-0.36	0.36	-0.30	0.64	0.58	0.34	0.31	0.03	0.12	0.61	1.04	0.11	-1.17	-0.13	-0.19	0.02	-0.87	-0.98	-1.00	-1.28	0.39	0.82	0.84
1.77	-1.26	-0.51	1.31	1.50	-1.03	0.32	0.82	-0.75	0.11	0.55	0.40	-0.32	-0.52	-0.14	-0.19	0.45	-0.34	2.14	-2.14	1.11	-1.10	-0.03	-0.19	1.28	-0.51	-0.59	0.15	0.67	-0.27	0.43	0.36	0.40	-0.26	0.80	0.77	0.75	0.17	-1.10	0.97	-1.19
-0.57	0.47	-0.65	1.01	0.52	-0.60	-1.97	2.32	1.40	-1.81	-1.04	0.15	0.88	0.18	-1.00	1.84	1.31	0.10	0.84	-0.84	0.16	0.48	1.65	0.40	0.85	-0.91	-0.73	1.24	-2.20	-0.67	1.38	0.26	-1.13	1.40	1.45	1.78	2.11	1.64	-0.45	-1.12	-1.19
0.25	-0.51	0.85	-1.00	0.42	-0.70	0.75	-0.03	-1.31	1.59	0.09	-1.16	-1.00	0.96	2.12	3.80	4.73	1.91	0.22	-0.22	-0.15	1.07	3.41	3.01	0.43	-0.30	0.59	1.62	1.35	0.22	-0.89	-0.04	-1.86	2.02	0.98	1.00	1.15	-1.00	-0.49	1.47	0.84
0.48	-0.66	0.78	-0.29	0.01	-0.35	-0.29	1.83	-0.33	-0.77	0.48	0.37	-0.06	-0.42	-0.34	0.41	0.71	-0.19	1.22	-1.22	0.17	0.71	0.42	0.18	1.01	-0.87	-0.94	0.11	-0.32	-0.86	1.25	0.37	-0.10	-0.04	-0.93	-0.78	-0.65	1.39	-1.54	0.26	0.84
1.61	-0.81	0.85	-0.09	1.63	-1.14	1.01	-1.10	-0.85	1.15	0.43	-1.26	1.07	0.07	1.37	-0.34	-0.60	-0.33	-1.70	1.70	-0.46	0.92	-0.84	-0.33	-0.63	0.42	0.86	-0.66	0.47	0.85	-1.07	-1.17	0.80	-0.50	2.79	1.90	1.51	-1.24	0.14	1.03	0.84
-0.59	0.32	-0.04	0.01	0.21	-0.48	-0.97	0.98	0.73	-0.78	-0.61	0.11	0.36	0.06	-0.49	0.15	1.34	0.23	0.83	-0.83	-0.06	1.04	1.41	0.85	-0.18	-0.06	-0.06	1.12	-0.52	0.28	0.77	0.71	-1.17	1.33	0.80	1.64	2.38	0.53	-0.07	-0.44	-1.19
-0.49	0.40	0.51	-0.00	0.00	-0.31	0.80	-0.09	-0.63	-0.18	1.12	1.53	-1.46	-1.16	-0.88	-0.44	-0.58	-0.43	0.89	-0.89	-0.02	-0.78	-1.03	-0.86	0.88	-0.59	-0.76	-1.21	0.34	-0.53	0.65	-0.50	1.04	-0.88	0.75	0.76	0.59	0.19	-0.87	0.73	-1.19
2.18	-2.09	0.44	-0.90	1.16	-1.03	-0.06	0.97	-0.66	0.61	-0.20	-0.15	-0.35	-0.04	0.54	7.06	3.13	0.71	0.40	-0.40	-0.17	-0.31	3.08	1.46	0.63	-1.77	-0.59	1.41	0.52	-0.76	-0.33	0.55	-0.89	1.10	1.02	0.61	0.55	-0.04	-0.50	0.55	0.84
